[
	"fileversion","20.0.547",
	"hasindex",false,
	"pointcount",1274,
	"vertexcount",5018,
	"primitivecount",1249,
	"info",{
		"date":"2024-02-29 23:32:51",
		"timetocook":0.0129660000000000001,
		"software":"Houdini 20.0.547",
		"artist":"USER",
		"hostname":"DESKTOP-DIN3UIA",
		"time":0,
		"bounds":[8.77923012,15.9446297,1.8981066e-15,11.4281969,-35.6035957,-30.9984341],
		"primcount_summary":"      1,249 Polygons\n",
		"attribute_summary":"     2 point attributes:\tP, Cd\n",
		"group_summary":"     4 primitive groups:\twindow_out\n\tbuilding_top\n\troof_out\n\tbuilding_side\n"
	},
	"topology",[
		"pointref",[
			"indices",[0,1,157,156,1,53,158,157,53,52,159,158,52,0,156,159,1,2,161,160,2,54,162,161,54,53,163,162,53,1,160,163,2,3,165,164,3,55,166,165,55,54,167,166,54,2,164,167,3,4,169,168,4,56,170,169,56,55,171,170,55,3,168,171,4,5,173,172,5,
				57,174,173,57,56,175,174,56,4,172,175,5,6,177,176,6,58,178,177,58,57,179,178,57,5,176,179,6,7,181,180,7,59,182,181,59,58,183,182,58,6,180,183,7,8,185,184,8,60,186,185,60,59,187,186,59,7,184,187,8,9,189,188,9,61,190,189,61,60,
				191,190,60,8,188,191,9,10,193,192,10,62,194,193,62,61,195,194,61,9,192,195,10,11,197,196,11,63,198,197,63,62,199,198,62,10,196,199,11,12,201,200,12,64,202,201,64,63,203,202,63,11,200,203,12,13,205,204,13,65,206,205,65,64,207,
				206,64,12,204,207,13,14,209,208,14,66,210,209,66,65,211,210,65,13,208,211,14,15,213,212,15,67,214,213,67,66,215,214,66,14,212,215,15,16,217,216,16,68,218,217,68,67,219,218,67,15,216,219,16,17,221,220,17,69,222,221,69,68,223,
				222,68,16,220,223,17,18,225,224,18,70,226,225,70,69,227,226,69,17,224,227,18,19,229,228,19,71,230,229,71,70,231,230,70,18,228,231,19,20,233,232,20,72,234,233,72,71,235,234,71,19,232,235,20,21,237,236,21,73,238,237,73,72,239,
				238,72,20,236,239,21,22,241,240,22,74,242,241,74,73,243,242,73,21,240,243,22,23,245,244,23,75,246,245,75,74,247,246,74,22,244,247,23,24,249,248,24,76,250,249,76,75,251,250,75,23,248,251,24,25,253,252,25,77,254,253,77,76,255,
				254,76,24,252,255,25,0,257,256,0,52,258,257,52,77,259,258,77,25,256,259,52,53,261,260,53,79,262,261,79,78,263,262,78,52,260,263,53,54,265,264,54,80,266,265,80,79,267,266,79,53,264,267,54,55,269,268,55,81,270,269,81,80,271,270,
				80,54,268,271,55,56,273,272,56,82,274,273,82,81,275,274,81,55,272,275,56,57,277,276,57,83,278,277,83,82,279,278,82,56,276,279,57,58,281,280,58,84,282,281,84,83,283,282,83,57,280,283,58,59,285,284,59,85,286,285,85,84,287,286,
				84,58,284,287,59,60,289,288,60,86,290,289,86,85,291,290,85,59,288,291,60,61,293,292,61,87,294,293,87,86,295,294,86,60,292,295,61,62,297,296,62,88,298,297,88,87,299,298,87,61,296,299,62,63,301,300,63,89,302,301,89,88,303,302,
				88,62,300,303,63,64,305,304,64,90,306,305,90,89,307,306,89,63,304,307,64,65,309,308,65,91,310,309,91,90,311,310,90,64,308,311,65,66,313,312,66,92,314,313,92,91,315,314,91,65,312,315,66,67,317,316,67,93,318,317,93,92,319,318,
				92,66,316,319,67,68,321,320,68,94,322,321,94,93,323,322,93,67,320,323,68,69,325,324,69,95,326,325,95,94,327,326,94,68,324,327,69,70,329,328,70,96,330,329,96,95,331,330,95,69,328,331,70,71,333,332,71,97,334,333,97,96,335,334,
				96,70,332,335,71,72,337,336,72,98,338,337,98,97,339,338,97,71,336,339,72,73,341,340,73,99,342,341,99,98,343,342,98,72,340,343,73,74,345,344,74,100,346,345,100,99,347,346,99,73,344,347,74,75,349,348,75,101,350,349,101,100,351,
				350,100,74,348,351,75,76,353,352,76,102,354,353,102,101,355,354,101,75,352,355,76,77,357,356,77,103,358,357,103,102,359,358,102,76,356,359,77,52,361,360,52,78,362,361,78,103,363,362,103,77,360,363,78,79,365,364,79,105,366,365,
				105,104,367,366,104,78,364,367,79,80,369,368,80,106,370,369,106,105,371,370,105,79,368,371,80,81,373,372,81,107,374,373,107,106,375,374,106,80,372,375,81,82,377,376,82,108,378,377,108,107,379,378,107,81,376,379,82,83,381,380,
				83,109,382,381,109,108,383,382,108,82,380,383,83,84,385,384,84,110,386,385,110,109,387,386,109,83,384,387,84,85,389,388,85,111,390,389,111,110,391,390,110,84,388,391,85,86,393,392,86,112,394,393,112,111,395,394,111,85,392,395,
				86,87,397,396,87,113,398,397,113,112,399,398,112,86,396,399,87,88,401,400,88,114,402,401,114,113,403,402,113,87,400,403,88,89,405,404,89,115,406,405,115,114,407,406,114,88,404,407,89,90,409,408,90,116,410,409,116,115,411,410,
				115,89,408,411,90,91,413,412,91,117,414,413,117,116,415,414,116,90,412,415,91,92,417,416,92,118,418,417,118,117,419,418,117,91,416,419,92,93,421,420,93,119,422,421,119,118,423,422,118,92,420,423,93,94,425,424,94,120,426,425,
				120,119,427,426,119,93,424,427,94,95,429,428,95,121,430,429,121,120,431,430,120,94,428,431,95,96,433,432,96,122,434,433,122,121,435,434,121,95,432,435,96,97,437,436,97,123,438,437,123,122,439,438,122,96,436,439,97,98,441,440,
				98,124,442,441,124,123,443,442,123,97,440,443,98,99,445,444,99,125,446,445,125,124,447,446,124,98,444,447,99,100,449,448,100,126,450,449,126,125,451,450,125,99,448,451,100,101,453,452,101,127,454,453,127,126,455,454,126,100,
				452,455,101,102,457,456,102,128,458,457,128,127,459,458,127,101,456,459,102,103,461,460,103,129,462,461,129,128,463,462,128,102,460,463,103,78,465,464,78,104,466,465,104,129,467,466,129,103,464,467,104,105,469,468,105,131,470,
				469,131,130,471,470,130,104,468,471,105,106,473,472,106,132,474,473,132,131,475,474,131,105,472,475,106,107,477,476,107,133,478,477,133,132,479,478,132,106,476,479,107,108,481,480,108,134,482,481,134,133,483,482,133,107,480,
				483,108,109,485,484,109,135,486,485,135,134,487,486,134,108,484,487,109,110,489,488,110,136,490,489,136,135,491,490,135,109,488,491,110,111,493,492,111,137,494,493,137,136,495,494,136,110,492,495,111,112,497,496,112,138,498,
				497,138,137,499,498,137,111,496,499,112,113,501,500,113,139,502,501,139,138,503,502,138,112,500,503,113,114,505,504,114,140,506,505,140,139,507,506,139,113,504,507,114,115,509,508,115,141,510,509,141,140,511,510,140,114,508,
				511,115,116,513,512,116,142,514,513,142,141,515,514,141,115,512,515,116,117,517,516,117,143,518,517,143,142,519,518,142,116,516,519,117,118,521,520,118,144,522,521,144,143,523,522,143,117,520,523,118,119,525,524,119,145,526,
				525,145,144,527,526,144,118,524,527,119,120,529,528,120,146,530,529,146,145,531,530,145,119,528,531,120,121,533,532,121,147,534,533,147,146,535,534,146,120,532,535,121,122,537,536,122,148,538,537,148,147,539,538,147,121,536,
				539,122,123,541,540,123,149,542,541,149,148,543,542,148,122,540,543,123,124,545,544,124,150,546,545,150,149,547,546,149,123,544,547,124,125,549,548,125,151,550,549,151,150,551,550,150,124,548,551,125,126,553,552,126,152,554,
				553,152,151,555,554,151,125,552,555,126,127,557,556,127,153,558,557,153,152,559,558,152,126,556,559,127,128,561,560,128,154,562,561,154,153,563,562,153,127,560,563,128,129,565,564,129,155,566,565,155,154,567,566,154,128,564,
				567,129,104,569,568,104,130,570,569,130,155,571,570,155,129,568,571,130,131,573,572,131,27,574,573,27,26,575,574,26,130,572,575,131,132,577,576,132,28,578,577,28,27,579,578,27,131,576,579,132,133,581,580,133,29,582,581,29,28,
				583,582,28,132,580,583,133,134,585,584,134,30,586,585,30,29,587,586,29,133,584,587,134,135,589,588,135,31,590,589,31,30,591,590,30,134,588,591,135,136,593,592,136,32,594,593,32,31,595,594,31,135,592,595,136,137,597,596,137,33,
				598,597,33,32,599,598,32,136,596,599,137,138,601,600,138,34,602,601,34,33,603,602,33,137,600,603,138,139,605,604,139,35,606,605,35,34,607,606,34,138,604,607,139,140,609,608,140,36,610,609,36,35,611,610,35,139,608,611,140,141,
				613,612,141,37,614,613,37,36,615,614,36,140,612,615,141,142,617,616,142,38,618,617,38,37,619,618,37,141,616,619,142,143,621,620,143,39,622,621,39,38,623,622,38,142,620,623,143,144,625,624,144,40,626,625,40,39,627,626,39,143,
				624,627,144,145,629,628,145,41,630,629,41,40,631,630,40,144,628,631,145,146,633,632,146,42,634,633,42,41,635,634,41,145,632,635,146,147,637,636,147,43,638,637,43,42,639,638,42,146,636,639,147,148,641,640,148,44,642,641,44,43,
				643,642,43,147,640,643,148,149,645,644,149,45,646,645,45,44,647,646,44,148,644,647,149,150,649,648,150,46,650,649,46,45,651,650,45,149,648,651,150,151,653,652,151,47,654,653,47,46,655,654,46,150,652,655,151,152,657,656,152,48,
				658,657,48,47,659,658,47,151,656,659,152,153,661,660,153,49,662,661,49,48,663,662,48,152,660,663,153,154,665,664,154,50,666,665,50,49,667,666,49,153,664,667,154,155,669,668,155,51,670,669,51,50,671,670,50,154,668,671,155,130,
				673,672,130,26,674,673,26,51,675,674,51,155,672,675,676,677,678,679,680,681,682,683,684,685,686,687,688,689,690,691,692,693,694,695,696,697,698,699,700,701,702,703,704,705,706,707,708,709,710,711,712,713,714,715,716,717,718,
				719,720,721,722,723,724,725,726,727,728,729,730,731,732,733,734,735,736,737,738,739,740,741,742,743,744,745,746,747,748,749,750,751,752,753,754,755,756,757,758,759,760,761,762,763,764,765,766,767,768,769,770,771,772,773,774,
				775,776,777,778,779,780,781,782,783,784,785,786,787,788,789,790,791,792,793,794,795,796,797,798,799,800,801,802,803,804,805,806,807,808,809,810,811,812,813,814,815,816,817,818,819,820,821,822,823,824,825,826,827,828,829,830,
				831,832,833,834,835,836,837,838,839,840,841,842,843,844,845,846,847,848,849,850,851,852,853,854,855,856,857,858,859,860,861,862,863,864,865,866,867,868,869,870,871,872,873,874,875,876,877,878,879,880,881,882,883,884,885,886,
				887,888,889,890,891,892,893,894,895,896,897,898,899,900,901,902,903,904,905,906,907,908,909,910,911,912,913,914,915,916,917,918,919,920,921,922,923,924,925,926,927,928,929,930,931,932,933,934,935,936,937,938,939,940,941,942,
				943,944,945,946,947,948,949,950,951,952,953,954,955,956,957,958,959,960,961,962,963,964,965,966,967,968,969,970,971,972,973,974,975,976,977,978,979,980,981,982,983,984,985,986,987,988,989,990,991,992,993,994,995,996,997,998,
				999,1000,1001,1002,1003,1004,1005,1006,1007,1008,1009,1010,1011,1012,1013,1014,1015,1016,1017,1018,1019,1020,1021,1022,1023,1024,1025,1026,1027,1028,1029,1030,1031,1032,1033,1034,1035,1036,1037,1038,1039,1040,1041,1042,1043,
				1044,1045,1046,1047,1048,1049,1050,1051,1052,1053,1054,1055,1056,1057,1058,1059,1060,1061,1062,1063,1064,1065,1066,1067,1068,1069,1070,1071,1072,1073,1074,1075,1076,1077,1078,1079,1080,1081,1082,1083,1084,1085,1086,1087,1088,
				1089,1090,1091,1092,1093,1094,1095,1096,1097,1098,1099,1100,1101,1102,1103,1104,1105,1106,1107,1108,1109,1110,1111,1112,1113,1114,1115,1116,1117,1118,1119,1120,1121,1122,1123,1124,1125,1126,1127,1128,1129,1130,1131,1132,1133,
				1134,1135,1136,1137,1138,1139,1140,1141,1142,1143,1144,1145,1146,1147,1148,1149,1150,1151,1152,1153,1154,1155,1156,1157,1158,1159,1160,1161,1162,1163,1164,1165,1166,1167,1168,1169,1170,1171,1172,1173,1174,1175,1176,1177,1178,
				1179,1180,1181,1182,1183,1184,1185,1186,1187,1188,1189,1190,1191,1192,1193,1194,1195,156,157,677,676,157,158,678,677,158,159,679,678,159,156,676,679,160,161,681,680,161,162,682,681,162,163,683,682,163,160,680,683,164,165,685,
				684,165,166,686,685,166,167,687,686,167,164,684,687,168,169,689,688,169,170,690,689,170,171,691,690,171,168,688,691,172,173,693,692,173,174,694,693,174,175,695,694,175,172,692,695,176,177,697,696,177,178,698,697,178,179,699,
				698,179,176,696,699,180,181,701,700,181,182,702,701,182,183,703,702,183,180,700,703,184,185,705,704,185,186,706,705,186,187,707,706,187,184,704,707,188,189,709,708,189,190,710,709,190,191,711,710,191,188,708,711,192,193,713,
				712,193,194,714,713,194,195,715,714,195,192,712,715,196,197,717,716,197,198,718,717,198,199,719,718,199,196,716,719,200,201,721,720,201,202,722,721,202,203,723,722,203,200,720,723,204,205,725,724,205,206,726,725,206,207,727,
				726,207,204,724,727,208,209,729,728,209,210,730,729,210,211,731,730,211,208,728,731,212,213,733,732,213,214,734,733,214,215,735,734,215,212,732,735,216,217,737,736,217,218,738,737,218,219,739,738,219,216,736,739,220,221,741,
				740,221,222,742,741,222,223,743,742,223,220,740,743,224,225,745,744,225,226,746,745,226,227,747,746,227,224,744,747,228,229,749,748,229,230,750,749,230,231,751,750,231,228,748,751,232,233,753,752,233,234,754,753,234,235,755,
				754,235,232,752,755,236,237,757,756,237,238,758,757,238,239,759,758,239,236,756,759,240,241,761,760,241,242,762,761,242,243,763,762,243,240,760,763,244,245,765,764,245,246,766,765,246,247,767,766,247,244,764,767,248,249,769,
				768,249,250,770,769,250,251,771,770,251,248,768,771,252,253,773,772,253,254,774,773,254,255,775,774,255,252,772,775,256,257,777,776,257,258,778,777,258,259,779,778,259,256,776,779,260,261,781,780,261,262,782,781,262,263,783,
				782,263,260,780,783,264,265,785,784,265,266,786,785,266,267,787,786,267,264,784,787,268,269,789,788,269,270,790,789,270,271,791,790,271,268,788,791,272,273,793,792,273,274,794,793,274,275,795,794,275,272,792,795,276,277,797,
				796,277,278,798,797,278,279,799,798,279,276,796,799,280,281,801,800,281,282,802,801,282,283,803,802,283,280,800,803,284,285,805,804,285,286,806,805,286,287,807,806,287,284,804,807,288,289,809,808,289,290,810,809,290,291,811,
				810,291,288,808,811,292,293,813,812,293,294,814,813,294,295,815,814,295,292,812,815,296,297,817,816,297,298,818,817,298,299,819,818,299,296,816,819,300,301,821,820,301,302,822,821,302,303,823,822,303,300,820,823,304,305,825,
				824,305,306,826,825,306,307,827,826,307,304,824,827,308,309,829,828,309,310,830,829,310,311,831,830,311,308,828,831,312,313,833,832,313,314,834,833,314,315,835,834,315,312,832,835,316,317,837,836,317,318,838,837,318,319,839,
				838,319,316,836,839,320,321,841,840,321,322,842,841,322,323,843,842,323,320,840,843,324,325,845,844,325,326,846,845,326,327,847,846,327,324,844,847,328,329,849,848,329,330,850,849,330,331,851,850,331,328,848,851,332,333,853,
				852,333,334,854,853,334,335,855,854,335,332,852,855,336,337,857,856,337,338,858,857,338,339,859,858,339,336,856,859,340,341,861,860,341,342,862,861,342,343,863,862,343,340,860,863,344,345,865,864,345,346,866,865,346,347,867,
				866,347,344,864,867,348,349,869,868,349,350,870,869,350,351,871,870,351,348,868,871,352,353,873,872,353,354,874,873,354,355,875,874,355,352,872,875,356,357,877,876,357,358,878,877,358,359,879,878,359,356,876,879,360,361,881,
				880,361,362,882,881,362,363,883,882,363,360,880,883,364,365,885,884,365,366,886,885,366,367,887,886,367,364,884,887,368,369,889,888,369,370,890,889,370,371,891,890,371,368,888,891,372,373,893,892,373,374,894,893,374,375,895,
				894,375,372,892,895,376,377,897,896,377,378,898,897,378,379,899,898,379,376,896,899,380,381,901,900,381,382,902,901,382,383,903,902,383,380,900,903,384,385,905,904,385,386,906,905,386,387,907,906,387,384,904,907,388,389,909,
				908,389,390,910,909,390,391,911,910,391,388,908,911,392,393,913,912,393,394,914,913,394,395,915,914,395,392,912,915,396,397,917,916,397,398,918,917,398,399,919,918,399,396,916,919,400,401,921,920,401,402,922,921,402,403,923,
				922,403,400,920,923,404,405,925,924,405,406,926,925,406,407,927,926,407,404,924,927,408,409,929,928,409,410,930,929,410,411,931,930,411,408,928,931,412,413,933,932,413,414,934,933,414,415,935,934,415,412,932,935,416,417,937,
				936,417,418,938,937,418,419,939,938,419,416,936,939,420,421,941,940,421,422,942,941,422,423,943,942,423,420,940,943,424,425,945,944,425,426,946,945,426,427,947,946,427,424,944,947,428,429,949,948,429,430,950,949,430,431,951,
				950,431,428,948,951,432,433,953,952,433,434,954,953,434,435,955,954,435,432,952,955,436,437,957,956,437,438,958,957,438,439,959,958,439,436,956,959,440,441,961,960,441,442,962,961,442,443,963,962,443,440,960,963,444,445,965,
				964,445,446,966,965,446,447,967,966,447,444,964,967,448,449,969,968,449,450,970,969,450,451,971,970,451,448,968,971,452,453,973,972,453,454,974,973,454,455,975,974,455,452,972,975,456,457,977,976,457,458,978,977,458,459,979,
				978,459,456,976,979,460,461,981,980,461,462,982,981,462,463,983,982,463,460,980,983,464,465,985,984,465,466,986,985,466,467,987,986,467,464,984,987,468,469,989,988,469,470,990,989,470,471,991,990,471,468,988,991,472,473,993,
				992,473,474,994,993,474,475,995,994,475,472,992,995,476,477,997,996,477,478,998,997,478,479,999,998,479,476,996,999,480,481,1001,1000,481,482,1002,1001,482,483,1003,1002,483,480,1000,1003,484,485,1005,1004,485,486,1006,1005,
				486,487,1007,1006,487,484,1004,1007,488,489,1009,1008,489,490,1010,1009,490,491,1011,1010,491,488,1008,1011,492,493,1013,1012,493,494,1014,1013,494,495,1015,1014,495,492,1012,1015,496,497,1017,1016,497,498,1018,1017,498,499,
				1019,1018,499,496,1016,1019,500,501,1021,1020,501,502,1022,1021,502,503,1023,1022,503,500,1020,1023,504,505,1025,1024,505,506,1026,1025,506,507,1027,1026,507,504,1024,1027,508,509,1029,1028,509,510,1030,1029,510,511,1031,1030,
				511,508,1028,1031,512,513,1033,1032,513,514,1034,1033,514,515,1035,1034,515,512,1032,1035,516,517,1037,1036,517,518,1038,1037,518,519,1039,1038,519,516,1036,1039,520,521,1041,1040,521,522,1042,1041,522,523,1043,1042,523,520,
				1040,1043,524,525,1045,1044,525,526,1046,1045,526,527,1047,1046,527,524,1044,1047,528,529,1049,1048,529,530,1050,1049,530,531,1051,1050,531,528,1048,1051,532,533,1053,1052,533,534,1054,1053,534,535,1055,1054,535,532,1052,1055,
				536,537,1057,1056,537,538,1058,1057,538,539,1059,1058,539,536,1056,1059,540,541,1061,1060,541,542,1062,1061,542,543,1063,1062,543,540,1060,1063,544,545,1065,1064,545,546,1066,1065,546,547,1067,1066,547,544,1064,1067,548,549,
				1069,1068,549,550,1070,1069,550,551,1071,1070,551,548,1068,1071,552,553,1073,1072,553,554,1074,1073,554,555,1075,1074,555,552,1072,1075,556,557,1077,1076,557,558,1078,1077,558,559,1079,1078,559,556,1076,1079,560,561,1081,1080,
				561,562,1082,1081,562,563,1083,1082,563,560,1080,1083,564,565,1085,1084,565,566,1086,1085,566,567,1087,1086,567,564,1084,1087,568,569,1089,1088,569,570,1090,1089,570,571,1091,1090,571,568,1088,1091,572,573,1093,1092,573,574,
				1094,1093,574,575,1095,1094,575,572,1092,1095,576,577,1097,1096,577,578,1098,1097,578,579,1099,1098,579,576,1096,1099,580,581,1101,1100,581,582,1102,1101,582,583,1103,1102,583,580,1100,1103,584,585,1105,1104,585,586,1106,1105,
				586,587,1107,1106,587,584,1104,1107,588,589,1109,1108,589,590,1110,1109,590,591,1111,1110,591,588,1108,1111,592,593,1113,1112,593,594,1114,1113,594,595,1115,1114,595,592,1112,1115,596,597,1117,1116,597,598,1118,1117,598,599,
				1119,1118,599,596,1116,1119,600,601,1121,1120,601,602,1122,1121,602,603,1123,1122,603,600,1120,1123,604,605,1125,1124,605,606,1126,1125,606,607,1127,1126,607,604,1124,1127,608,609,1129,1128,609,610,1130,1129,610,611,1131,1130,
				611,608,1128,1131,612,613,1133,1132,613,614,1134,1133,614,615,1135,1134,615,612,1132,1135,616,617,1137,1136,617,618,1138,1137,618,619,1139,1138,619,616,1136,1139,620,621,1141,1140,621,622,1142,1141,622,623,1143,1142,623,620,
				1140,1143,624,625,1145,1144,625,626,1146,1145,626,627,1147,1146,627,624,1144,1147,628,629,1149,1148,629,630,1150,1149,630,631,1151,1150,631,628,1148,1151,632,633,1153,1152,633,634,1154,1153,634,635,1155,1154,635,632,1152,1155,
				636,637,1157,1156,637,638,1158,1157,638,639,1159,1158,639,636,1156,1159,640,641,1161,1160,641,642,1162,1161,642,643,1163,1162,643,640,1160,1163,644,645,1165,1164,645,646,1166,1165,646,647,1167,1166,647,644,1164,1167,648,649,
				1169,1168,649,650,1170,1169,650,651,1171,1170,651,648,1168,1171,652,653,1173,1172,653,654,1174,1173,654,655,1175,1174,655,652,1172,1175,656,657,1177,1176,657,658,1178,1177,658,659,1179,1178,659,656,1176,1179,660,661,1181,1180,
				661,662,1182,1181,662,663,1183,1182,663,660,1180,1183,664,665,1185,1184,665,666,1186,1185,666,667,1187,1186,667,664,1184,1187,668,669,1189,1188,669,670,1190,1189,670,671,1191,1190,671,668,1188,1191,672,673,1193,1192,673,674,
				1194,1193,674,675,1195,1194,675,672,1192,1195,26,27,1197,1196,27,28,1198,1197,28,29,1199,1198,29,30,1200,1199,30,31,1201,1200,31,32,1202,1201,32,33,1203,1202,33,34,1204,1203,34,35,1205,1204,35,36,1206,1205,36,37,1207,1206,37,
				38,1208,1207,38,39,1209,1208,39,40,1210,1209,40,41,1211,1210,41,42,1212,1211,42,43,1213,1212,43,44,1214,1213,44,45,1215,1214,45,46,1216,1215,46,47,1217,1216,47,48,1218,1217,48,49,1219,1218,49,50,1220,1219,50,51,1221,1220,51,
				26,1196,1221,1196,1197,1223,1222,1197,1198,1224,1223,1198,1199,1225,1224,1199,1200,1226,1225,1200,1201,1227,1226,1201,1202,1228,1227,1202,1203,1229,1228,1203,1204,1230,1229,1204,1205,1231,1230,1205,1206,1232,1231,1206,1207,1233,
				1232,1207,1208,1234,1233,1208,1209,1235,1234,1209,1210,1236,1235,1210,1211,1237,1236,1211,1212,1238,1237,1212,1213,1239,1238,1213,1214,1240,1239,1214,1215,1241,1240,1215,1216,1242,1241,1216,1217,1243,1242,1217,1218,1244,1243,
				1218,1219,1245,1244,1219,1220,1246,1245,1220,1221,1247,1246,1221,1196,1222,1247,1248,1249,1250,1251,1252,1253,1254,1255,1256,1257,1258,1259,1260,1261,1262,1263,1264,1265,1266,1267,1268,1269,1270,1271,1272,1273,1222,1223,1249,
				1248,1223,1224,1250,1249,1224,1225,1251,1250,1225,1226,1252,1251,1226,1227,1253,1252,1227,1228,1254,1253,1228,1229,1255,1254,1229,1230,1256,1255,1230,1231,1257,1256,1231,1232,1258,1257,1232,1233,1259,1258,1233,1234,1260,1259,
				1234,1235,1261,1260,1235,1236,1262,1261,1236,1237,1263,1262,1237,1238,1264,1263,1238,1239,1265,1264,1239,1240,1266,1265,1240,1241,1267,1266,1241,1242,1268,1267,1242,1243,1269,1268,1243,1244,1270,1269,1244,1245,1271,1270,1245,
				1246,1272,1271,1246,1247,1273,1272,1247,1222,1248,1273]
		]
	],
	"attributes",[
		"pointattributes",[
			[
				[
					"scope","public",
					"type","numeric",
					"name","P",
					"options",{
						"type":{
							"type":"string",
							"value":"point"
						}
					}
				],
				[
					"size",3,
					"storage","fpreal32",
					"defaults",[
						"size",1,
						"storage","fpreal64",
						"values",[0]
					],
					"values",[
						"size",3,
						"storage","fpreal32",
						"tuples",[[8.78142262,1.89982375e-15,-31.0264778],[8.77923012,1.96242626e-15,-32.0488548],[8.77923012,2.02211138e-15,-33.0235863],[8.77923012,2.0817965e-15,-33.9983177],[8.77923012,2.1414814e-15,-34.9730453],
							[8.77923012,2.18009128e-15,-35.6035919],[9.14802742,2.18009107e-15,-35.6035919],[10.1227589,2.18009107e-15,-35.6035919],[11.0974894,2.18009107e-15,-35.6035919],[12.0722208,2.18009107e-15,-35.6035919],
							[13.0469513,2.18009107e-15,-35.6035919],[14.0216818,2.18009107e-15,-35.6035919],[14.9964132,2.18009107e-15,-35.6035919],[15.9353981,2.17833221e-15,-35.5748672],[15.9446297,2.11599079e-15,-34.5567551],
							[15.9446297,2.05630589e-15,-33.5820236],[15.9446297,1.99662098e-15,-32.6072922],[15.9446297,1.93693565e-15,-31.6325607],[15.9446287,1.89810681e-15,-30.9984341],[15.5534582,1.8981066e-15,-30.9984341],[14.5787249,
								1.8981066e-15,-30.9984341],[13.6039925,1.8981066e-15,-30.9984341],[12.629261,1.8981066e-15,-30.9984341],[11.6545324,1.8981066e-15,-30.9984341],[10.679801,1.8981066e-15,-30.9984341],[9.70506954,
								1.8981066e-15,-30.9984341],[8.78142262,10.9281969,-31.0264778],[8.77923012,10.9281969,-32.0488548],[8.77923012,10.9281969,-33.0235863],[8.77923012,10.9281969,-33.9983177],[8.77923012,10.9281969,
								-34.9730453],[8.77923012,10.9281969,-35.6035919],[9.14802742,10.9281969,-35.6035919],[10.1227589,10.9281969,-35.6035919],[11.0974894,10.9281969,-35.6035919],[12.0722208,10.9281969,-35.6035919],
							[13.0469513,10.9281969,-35.6035919],[14.0216818,10.9281969,-35.6035919],[14.9964132,10.9281969,-35.6035919],[15.9353981,10.9281969,-35.5748672],[15.9446297,10.9281969,-34.5567551],[15.9446297,10.9281969,
								-33.5820236],[15.9446297,10.9281969,-32.6072922],[15.9446297,10.9281969,-31.6325607],[15.9446287,10.9281969,-30.9984341],[15.5534582,10.9281969,-30.9984341],[14.5787249,10.9281969,-30.9984341],
							[13.6039925,10.9281969,-30.9984341],[12.629261,10.9281969,-30.9984341],[11.6545324,10.9281969,-30.9984341],[10.679801,10.9281969,-30.9984341],[9.70506954,10.9281969,-30.9984341],[8.78142262,2.18563938,
								-31.0264778],[8.77923012,2.18563938,-32.0488548],[8.77923012,2.18563938,-33.0235863],[8.77923012,2.18563938,-33.9983177],[8.77923012,2.18563938,-34.9730453],[8.77923012,2.18563938,-35.6035919],
							[9.14802742,2.18563938,-35.6035919],[10.1227589,2.18563938,-35.6035919],[11.0974894,2.18563938,-35.6035919],[12.0722208,2.18563938,-35.6035919],[13.0469513,2.18563938,-35.6035919],[14.0216818,2.18563938,
								-35.6035919],[14.9964132,2.18563938,-35.6035919],[15.9353981,2.18563938,-35.5748672],[15.9446297,2.18563938,-34.5567551],[15.9446297,2.18563938,-33.5820236],[15.9446297,2.18563938,-32.6072922],
							[15.9446297,2.18563938,-31.6325607],[15.9446287,2.18563938,-30.9984341],[15.5534582,2.18563938,-30.9984341],[14.5787249,2.18563938,-30.9984341],[13.6039925,2.18563938,-30.9984341],[12.629261,2.18563938,
								-30.9984341],[11.6545324,2.18563938,-30.9984341],[10.679801,2.18563938,-30.9984341],[9.70506954,2.18563938,-30.9984341],[8.78142262,4.37127876,-31.0264797],[8.77923012,4.37127876,-32.0488586],
							[8.77923012,4.37127876,-33.0235901],[8.77923012,4.37127876,-33.9983215],[8.77923012,4.37127876,-34.9730492],[8.77923012,4.37127876,-35.6035957],[9.14802742,4.37127876,-35.6035957],[10.1227589,4.37127876,
								-35.6035957],[11.0974894,4.37127876,-35.6035957],[12.0722208,4.37127876,-35.6035919],[13.0469513,4.37127876,-35.6035919],[14.0216818,4.37127876,-35.6035957],[14.9964132,4.37127876,-35.6035957],
							[15.9353981,4.37127876,-35.5748711],[15.9446297,4.37127876,-34.5567589],[15.9446297,4.37127876,-33.5820274],[15.9446297,4.37127876,-32.607296],[15.9446297,4.37127876,-31.6325626],[15.9446287,4.37127876,
								-30.998436],[15.5534582,4.37127876,-30.998436],[14.5787249,4.37127876,-30.998436],[13.6039925,4.37127876,-30.998436],[12.629261,4.37127876,-30.998436],[11.6545324,4.37127876,-30.998436],[10.679801,
								4.37127876,-30.998436],[9.70506954,4.37127876,-30.998436],[8.78142262,6.55691814,-31.0264797],[8.77923012,6.55691814,-32.0488548],[8.77923012,6.55691814,-33.0235863],[8.77923012,6.55691814,-33.9983177],
							[8.77923012,6.55691814,-34.9730453],[8.77923012,6.55691814,-35.6035919],[9.14802742,6.55691814,-35.6035919],[10.1227589,6.55691814,-35.6035919],[11.0974894,6.55691814,-35.6035919],[12.0722208,6.55691814,
								-35.6035919],[13.0469513,6.55691814,-35.6035919],[14.0216818,6.55691814,-35.6035919],[14.9964132,6.55691814,-35.6035919],[15.9353981,6.55691814,-35.5748672],[15.9446297,6.55691814,-34.5567551],
							[15.9446297,6.55691814,-33.5820236],[15.9446297,6.55691814,-32.6072922],[15.9446297,6.55691814,-31.6325626],[15.9446287,6.55691814,-30.998436],[15.5534582,6.55691814,-30.998436],[14.5787249,6.55691814,
								-30.998436],[13.6039925,6.55691814,-30.998436],[12.629261,6.55691814,-30.998436],[11.6545324,6.55691814,-30.998436],[10.679801,6.55691814,-30.998436],[9.70506954,6.55691814,-30.998436],[8.78142262,
								8.74255753,-31.0264778],[8.77923012,8.74255753,-32.0488548],[8.77923012,8.74255753,-33.0235863],[8.77923012,8.74255753,-33.9983177],[8.77923012,8.74255753,-34.9730453],[8.77923012,8.74255753,-35.6035919],
							[9.14802742,8.74255753,-35.6035919],[10.1227589,8.74255753,-35.6035919],[11.0974894,8.74255753,-35.6035919],[12.0722208,8.74255753,-35.6035919],[13.0469513,8.74255753,-35.6035919],[14.0216818,8.74255753,
								-35.6035919],[14.9964132,8.74255753,-35.6035919],[15.9353981,8.74255753,-35.5748672],[15.9446297,8.74255753,-34.5567551],[15.9446297,8.74255753,-33.5820236],[15.9446297,8.74255753,-32.6072922],
							[15.9446297,8.74255753,-31.6325607],[15.9446287,8.74255753,-30.9984341],[15.5534582,8.74255753,-30.9984341],[14.5787249,8.74255753,-30.9984341],[13.6039925,8.74255753,-30.9984341],[12.629261,8.74255753,
								-30.9984341],[11.6545324,8.74255753,-30.998436],[10.679801,8.74255753,-30.998436],[9.70506954,8.74255753,-30.9984341],[8.7813158,0.0500000007,-31.0764771],[8.77933693,0.0500000007,-31.9988556],
							[8.77933693,2.13563943,-31.9988556],[8.7813158,2.13563943,-31.0764771],[8.77923012,0.0500000007,-32.0988541],[8.77923012,0.0500000007,-32.973587],[8.77923012,2.13563943,-32.973587],[8.77923012,2.13563943,
								-32.0988541],[8.77923012,0.0500000007,-33.0735855],[8.77923012,0.0500000007,-33.9483185],[8.77923012,2.13563943,-33.9483185],[8.77923012,2.13563943,-33.0735855],[8.77923012,0.0500000007,-34.048317],
							[8.77923012,0.0500000007,-34.9230461],[8.77923012,2.13563943,-34.9230461],[8.77923012,2.13563943,-34.048317],[8.77923012,0.0500000007,-35.0230446],[8.77923012,0.0500000007,-35.5535927],[8.77923012,2.13563943,
								-35.5535927],[8.77923012,2.13563943,-35.0230446],[8.82923031,0.0500000007,-35.6035919],[9.09802723,0.0500000007,-35.6035919],[9.09802723,2.13563943,-35.6035919],[8.82923031,2.13563943,-35.6035919],
							[9.19802761,0.0500000007,-35.6035919],[10.0727587,0.0500000007,-35.6035919],[10.0727587,2.13563943,-35.6035919],[9.19802761,2.13563943,-35.6035919],[10.1727591,0.049999997,-35.6035919],[11.0474892,0.049999997,
								-35.6035919],[11.0474892,2.13563943,-35.6035919],[10.1727591,2.13563943,-35.6035919],[11.1474895,0.0500000007,-35.6035919],[12.0222206,0.0500000007,-35.6035919],[12.0222206,2.13563943,-35.6035919],
							[11.1474895,2.13563943,-35.6035919],[12.122221,0.049999997,-35.6035919],[12.9969511,0.049999997,-35.6035919],[12.9969511,2.13563943,-35.6035919],[12.122221,2.13563943,-35.6035919],[13.0969515,0.049999997,
								-35.6035919],[13.9716816,0.049999997,-35.6035919],[13.9716816,2.13563943,-35.6035919],[13.0969515,2.13563943,-35.6035919],[14.071682,0.0500000007,-35.6035919],[14.946413,0.0500000007,-35.6035919],
							[14.946413,2.13563943,-35.6035919],[14.071682,2.13563943,-35.6035919],[15.0463896,0.049999997,-35.6020622],[15.8854218,0.049999997,-35.5763969],[15.8854218,2.13563943,-35.5763969],[15.0463896,2.13563943,
								-35.6020622],[15.9358511,0.0500000007,-35.524868],[15.9441767,0.0500000007,-34.6067543],[15.9441767,2.13563943,-34.6067543],[15.9358511,2.13563943,-35.524868],[15.9446297,0.0500000007,-34.5067558],
							[15.9446297,0.0500000007,-33.6320229],[15.9446297,2.13563943,-33.6320229],[15.9446297,2.13563943,-34.5067558],[15.9446297,0.0500000007,-33.5320244],[15.9446297,0.0500000007,-32.6572914],[15.9446297,2.13563943,
								-32.6572914],[15.9446297,2.13563943,-33.5320244],[15.9446297,0.0500000007,-32.5572929],[15.9446297,0.0500000007,-31.68256],[15.9446297,2.13563943,-31.68256],[15.9446297,2.13563943,-32.5572929],
							[15.9446297,0.0500000007,-31.5825615],[15.9446287,0.0500000007,-31.0484333],[15.9446287,2.13563943,-31.0484333],[15.9446297,2.13563943,-31.5825615],[15.8946285,0.0500000007,-30.9984341],[15.6034584,0.0500000007,
								-30.9984341],[15.6034584,2.13563943,-30.9984341],[15.8946285,2.13563943,-30.9984341],[15.503458,0.0500000007,-30.9984341],[14.6287251,0.0500000007,-30.9984341],[14.6287251,2.13563943,-30.9984341],
							[15.503458,2.13563943,-30.9984341],[14.5287247,0.0500000007,-30.9984341],[13.6539927,0.0500000007,-30.9984341],[13.6539927,2.13563943,-30.9984341],[14.5287247,2.13563943,-30.9984341],[13.5539923,0.0500000007,
								-30.9984341],[12.6792612,0.0500000007,-30.9984341],[12.6792612,2.13563943,-30.9984341],[13.5539923,2.13563943,-30.9984341],[12.5792608,0.0500000007,-30.9984341],[11.7045326,0.0500000007,-30.9984341],
							[11.7045326,2.13563943,-30.9984341],[12.5792608,2.13563943,-30.9984341],[11.6045322,0.0500000007,-30.9984341],[10.7298012,0.0500000007,-30.9984341],[10.7298012,2.13563943,-30.9984341],[11.6045322,2.13563943,
								-30.9984341],[10.6298008,0.0500000007,-30.9984341],[9.75506973,0.0500000007,-30.9984341],[9.75506973,2.13563943,-30.9984341],[10.6298008,2.13563943,-30.9984341],[9.65509224,0.0500000007,-30.9999523],
							[8.83139992,0.0500000007,-31.0249596],[8.83139992,2.13563943,-31.0249596],[9.65509224,2.13563943,-30.9999523],[8.7813158,2.23563933,-31.0764771],[8.77933693,2.23563933,-31.9988556],[8.77933693,4.32127857,
								-31.9988594],[8.7813158,4.32127857,-31.076479],[8.77923012,2.23563933,-32.0988541],[8.77923012,2.23563933,-32.973587],[8.77923012,4.32127857,-32.9735909],[8.77923012,4.32127857,-32.0988579],[8.77923012,
								2.23563933,-33.0735855],[8.77923012,2.23563933,-33.9483185],[8.77923012,4.32127857,-33.9483223],[8.77923012,4.32127857,-33.0735893],[8.77923012,2.23563933,-34.048317],[8.77923012,2.23563933,-34.9230461],
							[8.77923012,4.32127857,-34.9230499],[8.77923012,4.32127857,-34.0483208],[8.77923012,2.23563933,-35.0230446],[8.77923012,2.23563933,-35.5535927],[8.77923012,4.32127857,-35.5535965],[8.77923012,4.32127857,
								-35.0230484],[8.82923031,2.23563933,-35.6035919],[9.09802723,2.23563933,-35.6035919],[9.09802723,4.32127857,-35.6035957],[8.82923031,4.32127857,-35.6035957],[9.19802761,2.23563933,-35.6035919],
							[10.0727587,2.23563933,-35.6035919],[10.0727587,4.32127857,-35.6035957],[9.19802761,4.32127857,-35.6035957],[10.1727591,2.23563933,-35.6035919],[11.0474892,2.23563933,-35.6035919],[11.0474892,4.32127857,
								-35.6035957],[10.1727591,4.32127857,-35.6035957],[11.1474895,2.23563933,-35.6035919],[12.0222206,2.23563933,-35.6035919],[12.0222206,4.32127857,-35.6035919],[11.1474895,4.32127857,-35.6035957],
							[12.122221,2.23563933,-35.6035919],[12.9969511,2.23563933,-35.6035919],[12.9969511,4.32127857,-35.6035919],[12.122221,4.32127857,-35.6035919],[13.0969515,2.23563933,-35.6035919],[13.9716816,2.23563933,
								-35.6035919],[13.9716816,4.32127857,-35.6035957],[13.0969515,4.32127857,-35.6035919],[14.071682,2.23563933,-35.6035919],[14.946413,2.23563933,-35.6035919],[14.946413,4.32127857,-35.6035957],[14.071682,
								4.32127857,-35.6035957],[15.0463896,2.23563933,-35.6020622],[15.8854218,2.23563933,-35.5763969],[15.8854218,4.32127857,-35.5764008],[15.0463896,4.32127857,-35.602066],[15.9358511,2.23563933,-35.524868],
							[15.9441767,2.23563933,-34.6067543],[15.9441767,4.32127857,-34.6067581],[15.9358511,4.32127857,-35.5248718],[15.9446297,2.23563933,-34.5067558],[15.9446297,2.23563933,-33.6320229],[15.9446297,4.32127857,
								-33.6320267],[15.9446297,4.32127857,-34.5067596],[15.9446297,2.23563933,-33.5320244],[15.9446297,2.23563933,-32.6572914],[15.9446297,4.32127857,-32.6572952],[15.9446297,4.32127857,-33.5320282],
							[15.9446297,2.23563933,-32.5572929],[15.9446297,2.23563933,-31.68256],[15.9446297,4.32127857,-31.6825619],[15.9446297,4.32127857,-32.5572968],[15.9446297,2.23563933,-31.5825615],[15.9446287,2.23563933,
								-31.0484333],[15.9446287,4.32127857,-31.0484352],[15.9446297,4.32127857,-31.5825634],[15.8946285,2.23563933,-30.9984341],[15.6034584,2.23563933,-30.9984341],[15.6034584,4.32127857,-30.998436],
							[15.8946285,4.32127857,-30.998436],[15.503458,2.23563933,-30.9984341],[14.6287251,2.23563933,-30.9984341],[14.6287251,4.32127857,-30.998436],[15.503458,4.32127857,-30.998436],[14.5287247,2.23563933,-30.9984341],
							[13.6539927,2.23563933,-30.9984341],[13.6539927,4.32127857,-30.998436],[14.5287247,4.32127857,-30.998436],[13.5539923,2.23563933,-30.9984341],[12.6792612,2.23563933,-30.9984341],[12.6792612,4.32127857,
								-30.998436],[13.5539923,4.32127857,-30.998436],[12.5792608,2.23563933,-30.9984341],[11.7045326,2.23563933,-30.9984341],[11.7045326,4.32127857,-30.998436],[12.5792608,4.32127857,-30.998436],[11.6045322,
								2.23563933,-30.9984341],[10.7298012,2.23563933,-30.9984341],[10.7298012,4.32127857,-30.998436],[11.6045322,4.32127857,-30.998436],[10.6298008,2.23563933,-30.9984341],[9.75506973,2.23563933,-30.9984341],
							[9.75506973,4.32127857,-30.998436],[10.6298008,4.32127857,-30.998436],[9.65509224,2.23563933,-30.9999523],[8.83139992,2.23563933,-31.0249596],[8.83139992,4.32127857,-31.0249615],[9.65509224,4.32127857,
								-30.9999542],[8.7813158,4.42127895,-31.076479],[8.77933693,4.42127895,-31.9988594],[8.77933693,6.50691795,-31.9988556],[8.7813158,6.50691795,-31.076479],[8.77923012,4.42127895,-32.0988579],[8.77923012,
								4.42127895,-32.9735909],[8.77923012,6.50691795,-32.973587],[8.77923012,6.50691795,-32.0988541],[8.77923012,4.42127895,-33.0735893],[8.77923012,4.42127895,-33.9483223],[8.77923012,6.50691795,-33.9483185],
							[8.77923012,6.50691795,-33.0735855],[8.77923012,4.42127895,-34.0483208],[8.77923012,4.42127895,-34.9230499],[8.77923012,6.50691795,-34.9230461],[8.77923012,6.50691795,-34.048317],[8.77923012,4.42127895,
								-35.0230484],[8.77923012,4.42127895,-35.5535965],[8.77923012,6.50691795,-35.5535927],[8.77923012,6.50691795,-35.0230446],[8.82923031,4.42127895,-35.6035957],[9.09802723,4.42127895,-35.6035957],
							[9.09802723,6.50691795,-35.6035919],[8.82923031,6.50691795,-35.6035919],[9.19802761,4.42127895,-35.6035957],[10.0727587,4.42127895,-35.6035957],[10.0727587,6.50691795,-35.6035919],[9.19802761,6.50691795,
								-35.6035919],[10.1727591,4.42127895,-35.6035957],[11.0474892,4.42127895,-35.6035957],[11.0474892,6.50691795,-35.6035919],[10.1727591,6.50691795,-35.6035919],[11.1474895,4.42127895,-35.6035957],
							[12.0222206,4.42127895,-35.6035919],[12.0222206,6.50691795,-35.6035919],[11.1474895,6.50691795,-35.6035919],[12.122221,4.42127895,-35.6035919],[12.9969511,4.42127895,-35.6035919],[12.9969511,6.50691795,
								-35.6035919],[12.122221,6.50691795,-35.6035919],[13.0969515,4.42127895,-35.6035919],[13.9716816,4.42127895,-35.6035957],[13.9716816,6.50691795,-35.6035919],[13.0969515,6.50691795,-35.6035919],
							[14.071682,4.42127895,-35.6035957],[14.946413,4.42127895,-35.6035957],[14.946413,6.50691795,-35.6035919],[14.071682,6.50691795,-35.6035919],[15.0463896,4.42127895,-35.602066],[15.8854218,4.42127895,-35.5764008],
							[15.8854218,6.50691795,-35.5763969],[15.0463896,6.50691795,-35.6020622],[15.9358511,4.42127895,-35.5248718],[15.9441767,4.42127895,-34.6067581],[15.9441767,6.50691795,-34.6067543],[15.9358511,6.50691795,
								-35.524868],[15.9446297,4.42127895,-34.5067596],[15.9446297,4.42127895,-33.6320267],[15.9446297,6.50691795,-33.6320229],[15.9446297,6.50691795,-34.5067558],[15.9446297,4.42127895,-33.5320282],
							[15.9446297,4.42127895,-32.6572952],[15.9446297,6.50691795,-32.6572914],[15.9446297,6.50691795,-33.5320244],[15.9446297,4.42127895,-32.5572968],[15.9446297,4.42127895,-31.6825619],[15.9446297,6.50691795,
								-31.6825619],[15.9446297,6.50691795,-32.5572929],[15.9446297,4.42127895,-31.5825634],[15.9446287,4.42127895,-31.0484352],[15.9446287,6.50691795,-31.0484352],[15.9446297,6.50691795,-31.5825634],
							[15.8946285,4.42127895,-30.998436],[15.6034584,4.42127895,-30.998436],[15.6034584,6.50691795,-30.998436],[15.8946285,6.50691795,-30.998436],[15.503458,4.42127895,-30.998436],[14.6287251,4.42127895,-30.998436],
							[14.6287251,6.50691795,-30.998436],[15.503458,6.50691795,-30.998436],[14.5287247,4.42127895,-30.998436],[13.6539927,4.42127895,-30.998436],[13.6539927,6.50691795,-30.998436],[14.5287247,6.50691795,-30.998436],
							[13.5539923,4.42127895,-30.998436],[12.6792612,4.42127895,-30.998436],[12.6792612,6.50691795,-30.998436],[13.5539923,6.50691795,-30.998436],[12.5792608,4.42127895,-30.998436],[11.7045326,4.42127895,-30.998436],
							[11.7045326,6.50691795,-30.998436],[12.5792608,6.50691795,-30.998436],[11.6045322,4.42127895,-30.998436],[10.7298012,4.42127895,-30.998436],[10.7298012,6.50691795,-30.998436],[11.6045322,6.50691795,-30.998436],
							[10.6298008,4.42127895,-30.998436],[9.75506973,4.42127895,-30.998436],[9.75506973,6.50691795,-30.998436],[10.6298008,6.50691795,-30.998436],[9.65509224,4.42127895,-30.9999542],[8.83139992,4.42127895,-31.0249615],
							[8.83139992,6.50691795,-31.0249615],[9.65509224,6.50691795,-30.9999542],[8.7813158,6.60691833,-31.076479],[8.77933693,6.60691833,-31.9988556],[8.77933693,8.69255733,-31.9988556],[8.7813158,8.69255733,
								-31.0764771],[8.77923012,6.60691833,-32.0988541],[8.77923012,6.60691833,-32.973587],[8.77923012,8.69255733,-32.973587],[8.77923012,8.69255733,-32.0988541],[8.77923012,6.60691833,-33.0735855],[8.77923012,
								6.60691833,-33.9483185],[8.77923012,8.69255733,-33.9483185],[8.77923012,8.69255733,-33.0735855],[8.77923012,6.60691833,-34.048317],[8.77923012,6.60691833,-34.9230461],[8.77923012,8.69255733,-34.9230461],
							[8.77923012,8.69255733,-34.048317],[8.77923012,6.60691833,-35.0230446],[8.77923012,6.60691833,-35.5535927],[8.77923012,8.69255733,-35.5535927],[8.77923012,8.69255733,-35.0230446],[8.82923031,6.60691833,
								-35.6035919],[9.09802723,6.60691833,-35.6035919],[9.09802723,8.69255733,-35.6035919],[8.82923031,8.69255733,-35.6035919],[9.19802761,6.60691833,-35.6035919],[10.0727587,6.60691833,-35.6035919],
							[10.0727587,8.69255733,-35.6035919],[9.19802761,8.69255733,-35.6035919],[10.1727591,6.60691833,-35.6035919],[11.0474892,6.60691833,-35.6035919],[11.0474892,8.69255733,-35.6035919],[10.1727591,8.69255733,
								-35.6035919],[11.1474895,6.60691833,-35.6035919],[12.0222206,6.60691833,-35.6035919],[12.0222206,8.69255733,-35.6035919],[11.1474895,8.69255733,-35.6035919],[12.122221,6.60691833,-35.6035919],
							[12.9969511,6.60691833,-35.6035919],[12.9969511,8.69255733,-35.6035919],[12.122221,8.69255733,-35.6035919],[13.0969515,6.60691833,-35.6035919],[13.9716816,6.60691833,-35.6035919],[13.9716816,8.69255733,
								-35.6035919],[13.0969515,8.69255733,-35.6035919],[14.071682,6.60691833,-35.6035919],[14.946413,6.60691833,-35.6035919],[14.946413,8.69255733,-35.6035919],[14.071682,8.69255733,-35.6035919],[15.0463896,
								6.60691833,-35.6020622],[15.8854218,6.60691833,-35.5763969],[15.8854218,8.69255733,-35.5763969],[15.0463896,8.69255733,-35.6020622],[15.9358511,6.60691833,-35.524868],[15.9441767,6.60691833,-34.6067543],
							[15.9441767,8.69255733,-34.6067543],[15.9358511,8.69255733,-35.524868],[15.9446297,6.60691833,-34.5067558],[15.9446297,6.60691833,-33.6320229],[15.9446297,8.69255733,-33.6320229],[15.9446297,8.69255733,
								-34.5067558],[15.9446297,6.60691833,-33.5320244],[15.9446297,6.60691833,-32.6572914],[15.9446297,8.69255733,-32.6572914],[15.9446297,8.69255733,-33.5320244],[15.9446297,6.60691833,-32.5572929],
							[15.9446297,6.60691833,-31.6825619],[15.9446297,8.69255733,-31.68256],[15.9446297,8.69255733,-32.5572929],[15.9446297,6.60691833,-31.5825634],[15.9446287,6.60691833,-31.0484352],[15.9446287,8.69255733,
								-31.0484333],[15.9446297,8.69255733,-31.5825615],[15.8946285,6.60691833,-30.998436],[15.6034584,6.60691833,-30.998436],[15.6034584,8.69255733,-30.9984341],[15.8946285,8.69255733,-30.9984341],[15.503458,
								6.60691833,-30.998436],[14.6287251,6.60691833,-30.998436],[14.6287251,8.69255733,-30.9984341],[15.503458,8.69255733,-30.9984341],[14.5287247,6.60691833,-30.998436],[13.6539927,6.60691833,-30.998436],
							[13.6539927,8.69255733,-30.9984341],[14.5287247,8.69255733,-30.9984341],[13.5539923,6.60691833,-30.998436],[12.6792612,6.60691833,-30.998436],[12.6792612,8.69255733,-30.9984341],[13.5539923,8.69255733,
								-30.9984341],[12.5792608,6.60691833,-30.998436],[11.7045326,6.60691833,-30.998436],[11.7045326,8.69255733,-30.998436],[12.5792608,8.69255733,-30.9984341],[11.6045322,6.60691833,-30.998436],[10.7298012,
								6.60691833,-30.998436],[10.7298012,8.69255733,-30.998436],[11.6045322,8.69255733,-30.998436],[10.6298008,6.60691833,-30.998436],[9.75506973,6.60691833,-30.998436],[9.75506973,8.69255733,-30.9984341],
							[10.6298008,8.69255733,-30.998436],[9.65509224,6.60691833,-30.9999542],[8.83139992,6.60691833,-31.0249615],[8.83139992,8.69255733,-31.0249596],[9.65509224,8.69255733,-30.9999523],[8.7813158,8.79255772,
								-31.0764771],[8.77933693,8.79255772,-31.9988556],[8.77933693,10.8781967,-31.9988556],[8.7813158,10.8781967,-31.0764771],[8.77923012,8.79255772,-32.0988541],[8.77923012,8.79255772,-32.973587],[8.77923012,
								10.8781967,-32.973587],[8.77923012,10.8781967,-32.0988541],[8.77923012,8.79255772,-33.0735855],[8.77923012,8.79255772,-33.9483185],[8.77923012,10.8781967,-33.9483185],[8.77923012,10.8781967,-33.0735855],
							[8.77923012,8.79255772,-34.048317],[8.77923012,8.79255772,-34.9230461],[8.77923012,10.8781967,-34.9230461],[8.77923012,10.8781967,-34.048317],[8.77923012,8.79255772,-35.0230446],[8.77923012,8.79255772,
								-35.5535927],[8.77923012,10.8781967,-35.5535927],[8.77923012,10.8781967,-35.0230446],[8.82923031,8.79255772,-35.6035919],[9.09802723,8.79255772,-35.6035919],[9.09802723,10.8781967,-35.6035919],
							[8.82923031,10.8781967,-35.6035919],[9.19802761,8.79255772,-35.6035919],[10.0727587,8.79255772,-35.6035919],[10.0727587,10.8781967,-35.6035919],[9.19802761,10.8781967,-35.6035919],[10.1727591,8.79255772,
								-35.6035919],[11.0474892,8.79255772,-35.6035919],[11.0474892,10.8781967,-35.6035919],[10.1727591,10.8781967,-35.6035919],[11.1474895,8.79255772,-35.6035919],[12.0222206,8.79255772,-35.6035919],
							[12.0222206,10.8781967,-35.6035919],[11.1474895,10.8781967,-35.6035919],[12.122221,8.79255772,-35.6035919],[12.9969511,8.79255772,-35.6035919],[12.9969511,10.8781967,-35.6035919],[12.122221,10.8781967,
								-35.6035919],[13.0969515,8.79255772,-35.6035919],[13.9716816,8.79255772,-35.6035919],[13.9716816,10.8781967,-35.6035919],[13.0969515,10.8781967,-35.6035919],[14.071682,8.79255772,-35.6035919],
							[14.946413,8.79255772,-35.6035919],[14.946413,10.8781967,-35.6035919],[14.071682,10.8781967,-35.6035919],[15.0463896,8.79255772,-35.6020622],[15.8854218,8.79255772,-35.5763969],[15.8854218,10.8781967,
								-35.5763969],[15.0463896,10.8781967,-35.6020622],[15.9358511,8.79255772,-35.524868],[15.9441767,8.79255772,-34.6067543],[15.9441767,10.8781967,-34.6067543],[15.9358511,10.8781967,-35.524868],[15.9446297,
								8.79255772,-34.5067558],[15.9446297,8.79255772,-33.6320229],[15.9446297,10.8781967,-33.6320229],[15.9446297,10.8781967,-34.5067558],[15.9446297,8.79255772,-33.5320244],[15.9446297,8.79255772,-32.6572914],
							[15.9446297,10.8781967,-32.6572914],[15.9446297,10.8781967,-33.5320244],[15.9446297,8.79255772,-32.5572929],[15.9446297,8.79255772,-31.68256],[15.9446297,10.8781967,-31.68256],[15.9446297,10.8781967,-32.5572929],
							[15.9446297,8.79255772,-31.5825615],[15.9446287,8.79255772,-31.0484333],[15.9446287,10.8781967,-31.0484333],[15.9446297,10.8781967,-31.5825615],[15.8946285,8.79255772,-30.9984341],[15.6034584,8.79255772,
								-30.9984341],[15.6034584,10.8781967,-30.9984341],[15.8946285,10.8781967,-30.9984341],[15.503458,8.79255772,-30.9984341],[14.6287251,8.79255772,-30.9984341],[14.6287251,10.8781967,-30.9984341],
							[15.503458,10.8781967,-30.9984341],[14.5287247,8.79255772,-30.9984341],[13.6539927,8.79255772,-30.9984341],[13.6539927,10.8781967,-30.9984341],[14.5287247,10.8781967,-30.9984341],[13.5539923,8.79255772,
								-30.9984341],[12.6792612,8.79255772,-30.9984341],[12.6792612,10.8781967,-30.9984341],[13.5539923,10.8781967,-30.9984341],[12.5792608,8.79255772,-30.9984341],[11.7045326,8.79255772,-30.998436],
							[11.7045326,10.8781967,-30.9984341],[12.5792608,10.8781967,-30.9984341],[11.6045322,8.79255772,-30.998436],[10.7298012,8.79255772,-30.998436],[10.7298012,10.8781967,-30.9984341],[11.6045322,10.8781967,
								-30.9984341],[10.6298008,8.79255772,-30.998436],[9.75506973,8.79255772,-30.9984341],[9.75506973,10.8781967,-30.9984341],[10.6298008,10.8781967,-30.9984341],[9.65509224,8.79255772,-30.9999523],
							[8.83139992,8.79255772,-31.0249596],[8.83139992,10.8781967,-31.0249596],[9.65509224,10.8781967,-30.9999523],[8.83131599,0.0500000007,-31.0765839],[8.82933712,0.0500000007,-31.9989624],[8.82933712,2.13563943,
								-31.9989624],[8.83131599,2.13563943,-31.0765839],[8.82923031,0.0500000007,-32.0988541],[8.82923031,0.0500000007,-32.973587],[8.82923031,2.13563943,-32.973587],[8.82923031,2.13563943,-32.0988541],
							[8.82923031,0.0500000007,-33.0735855],[8.82923031,0.0500000007,-33.9483185],[8.82923031,2.13563943,-33.9483185],[8.82923031,2.13563943,-33.0735855],[8.82923031,0.0500000007,-34.048317],[8.82923031,0.0500000007,
								-34.9230461],[8.82923031,2.13563943,-34.9230461],[8.82923031,2.13563943,-34.048317],[8.82923031,0.0500000007,-35.0230446],[8.82923031,0.0500000007,-35.5535927],[8.82923031,2.13563943,-35.5535927],
							[8.82923031,2.13563943,-35.0230446],[8.82923031,0.0500000007,-35.5535927],[9.09802723,0.0500000007,-35.5535927],[9.09802723,2.13563943,-35.5535927],[8.82923031,2.13563943,-35.5535927],[9.19802761,0.0500000007,
								-35.5535927],[10.0727587,0.0500000007,-35.5535927],[10.0727587,2.13563943,-35.5535927],[9.19802761,2.13563943,-35.5535927],[10.1727591,0.049999997,-35.5535927],[11.0474892,0.049999997,-35.5535927],
							[11.0474892,2.13563943,-35.5535927],[10.1727591,2.13563943,-35.5535927],[11.1474895,0.0500000007,-35.5535927],[12.0222206,0.0500000007,-35.5535927],[12.0222206,2.13563943,-35.5535927],[11.1474895,2.13563943,
								-35.5535927],[12.122221,0.049999997,-35.5535927],[12.9969511,0.049999997,-35.5535927],[12.9969511,2.13563943,-35.5535927],[12.122221,2.13563943,-35.5535927],[13.0969515,0.049999997,-35.5535927],
							[13.9716816,0.049999997,-35.5535927],[13.9716816,2.13563943,-35.5535927],[13.0969515,2.13563943,-35.5535927],[14.071682,0.0500000007,-35.5535927],[14.946413,0.0500000007,-35.5535927],[14.946413,2.13563943,
								-35.5535927],[14.071682,2.13563943,-35.5535927],[15.0448608,0.049999997,-35.5520859],[15.883893,0.049999997,-35.5264206],[15.883893,2.13563943,-35.5264206],[15.0448608,2.13563943,-35.5520859],
							[15.8858528,0.0500000007,-35.5244141],[15.8941784,0.0500000007,-34.6063004],[15.8941784,2.13563943,-34.6063004],[15.8858528,2.13563943,-35.5244141],[15.8946295,0.0500000007,-34.5067558],[15.8946295,0.0500000007,
								-33.6320229],[15.8946295,2.13563943,-33.6320229],[15.8946295,2.13563943,-34.5067558],[15.8946295,0.0500000007,-33.5320244],[15.8946295,0.0500000007,-32.6572914],[15.8946295,2.13563943,-32.6572914],
							[15.8946295,2.13563943,-33.5320244],[15.8946295,0.0500000007,-32.5572929],[15.8946295,0.0500000007,-31.68256],[15.8946295,2.13563943,-31.68256],[15.8946295,2.13563943,-32.5572929],[15.8946295,0.0500000007,
								-31.5825615],[15.8946285,0.0500000007,-31.0484333],[15.8946285,2.13563943,-31.0484333],[15.8946295,2.13563943,-31.5825615],[15.8946285,0.0500000007,-31.0484333],[15.6034584,0.0500000007,-31.0484333],
							[15.6034584,2.13563943,-31.0484333],[15.8946285,2.13563943,-31.0484333],[15.503458,0.0500000007,-31.0484333],[14.6287251,0.0500000007,-31.0484333],[14.6287251,2.13563943,-31.0484333],[15.503458,2.13563943,
								-31.0484333],[14.5287247,0.0500000007,-31.0484333],[13.6539927,0.0500000007,-31.0484333],[13.6539927,2.13563943,-31.0484333],[14.5287247,2.13563943,-31.0484333],[13.5539923,0.0500000007,-31.0484333],
							[12.6792612,0.0500000007,-31.0484333],[12.6792612,2.13563943,-31.0484333],[13.5539923,2.13563943,-31.0484333],[12.5792608,0.0500000007,-31.0484333],[11.7045326,0.0500000007,-31.0484333],[11.7045326,2.13563943,
								-31.0484333],[12.5792608,2.13563943,-31.0484333],[11.6045322,0.0500000007,-31.0484333],[10.7298012,0.0500000007,-31.0484333],[10.7298012,2.13563943,-31.0484333],[11.6045322,2.13563943,-31.0484333],
							[10.6298008,0.0500000007,-31.0484333],[9.75506973,0.0500000007,-31.0484333],[9.75506973,2.13563943,-31.0484333],[10.6298008,2.13563943,-31.0484333],[9.65660954,0.0500000007,-31.0499287],[8.83291721,0.0500000007,
								-31.0749359],[8.83291721,2.13563943,-31.0749359],[9.65660954,2.13563943,-31.0499287],[8.83131599,2.23563933,-31.0765839],[8.82933712,2.23563933,-31.9989624],[8.82933712,4.32127857,-31.9989662],
							[8.83131599,4.32127857,-31.0765858],[8.82923031,2.23563933,-32.0988541],[8.82923031,2.23563933,-32.973587],[8.82923031,4.32127857,-32.9735909],[8.82923031,4.32127857,-32.0988579],[8.82923031,2.23563933,
								-33.0735855],[8.82923031,2.23563933,-33.9483185],[8.82923031,4.32127857,-33.9483223],[8.82923031,4.32127857,-33.0735893],[8.82923031,2.23563933,-34.048317],[8.82923031,2.23563933,-34.9230461],
							[8.82923031,4.32127857,-34.9230499],[8.82923031,4.32127857,-34.0483208],[8.82923031,2.23563933,-35.0230446],[8.82923031,2.23563933,-35.5535927],[8.82923031,4.32127857,-35.5535965],[8.82923031,4.32127857,
								-35.0230484],[8.82923031,2.23563933,-35.5535927],[9.09802723,2.23563933,-35.5535927],[9.09802723,4.32127857,-35.5535965],[8.82923031,4.32127857,-35.5535965],[9.19802761,2.23563933,-35.5535927],
							[10.0727587,2.23563933,-35.5535927],[10.0727587,4.32127857,-35.5535965],[9.19802761,4.32127857,-35.5535965],[10.1727591,2.23563933,-35.5535927],[11.0474892,2.23563933,-35.5535927],[11.0474892,4.32127857,
								-35.5535965],[10.1727591,4.32127857,-35.5535965],[11.1474895,2.23563933,-35.5535927],[12.0222206,2.23563933,-35.5535927],[12.0222206,4.32127857,-35.5535927],[11.1474895,4.32127857,-35.5535965],
							[12.122221,2.23563933,-35.5535927],[12.9969511,2.23563933,-35.5535927],[12.9969511,4.32127857,-35.5535927],[12.122221,4.32127857,-35.5535927],[13.0969515,2.23563933,-35.5535927],[13.9716816,2.23563933,
								-35.5535927],[13.9716816,4.32127857,-35.5535965],[13.0969515,4.32127857,-35.5535927],[14.071682,2.23563933,-35.5535927],[14.946413,2.23563933,-35.5535927],[14.946413,4.32127857,-35.5535965],[14.071682,
								4.32127857,-35.5535965],[15.0448608,2.23563933,-35.5520859],[15.883893,2.23563933,-35.5264206],[15.883893,4.32127857,-35.5264244],[15.0448608,4.32127857,-35.5520897],[15.8858528,2.23563933,-35.5244141],
							[15.8941784,2.23563933,-34.6063004],[15.8941784,4.32127857,-34.6063042],[15.8858528,4.32127857,-35.5244179],[15.8946295,2.23563933,-34.5067558],[15.8946295,2.23563933,-33.6320229],[15.8946295,4.32127857,
								-33.6320267],[15.8946295,4.32127857,-34.5067596],[15.8946295,2.23563933,-33.5320244],[15.8946295,2.23563933,-32.6572914],[15.8946295,4.32127857,-32.6572952],[15.8946295,4.32127857,-33.5320282],
							[15.8946295,2.23563933,-32.5572929],[15.8946295,2.23563933,-31.68256],[15.8946295,4.32127857,-31.6825619],[15.8946295,4.32127857,-32.5572968],[15.8946295,2.23563933,-31.5825615],[15.8946285,2.23563933,
								-31.0484333],[15.8946285,4.32127857,-31.0484352],[15.8946295,4.32127857,-31.5825634],[15.8946285,2.23563933,-31.0484333],[15.6034584,2.23563933,-31.0484333],[15.6034584,4.32127857,-31.0484352],
							[15.8946285,4.32127857,-31.0484352],[15.503458,2.23563933,-31.0484333],[14.6287251,2.23563933,-31.0484333],[14.6287251,4.32127857,-31.0484352],[15.503458,4.32127857,-31.0484352],[14.5287247,2.23563933,
								-31.0484333],[13.6539927,2.23563933,-31.0484333],[13.6539927,4.32127857,-31.0484352],[14.5287247,4.32127857,-31.0484352],[13.5539923,2.23563933,-31.0484333],[12.6792612,2.23563933,-31.0484333],
							[12.6792612,4.32127857,-31.0484352],[13.5539923,4.32127857,-31.0484352],[12.5792608,2.23563933,-31.0484333],[11.7045326,2.23563933,-31.0484333],[11.7045326,4.32127857,-31.0484352],[12.5792608,4.32127857,
								-31.0484352],[11.6045322,2.23563933,-31.0484333],[10.7298012,2.23563933,-31.0484333],[10.7298012,4.32127857,-31.0484352],[11.6045322,4.32127857,-31.0484352],[10.6298008,2.23563933,-31.0484333],
							[9.75506973,2.23563933,-31.0484333],[9.75506973,4.32127857,-31.0484352],[10.6298008,4.32127857,-31.0484352],[9.65660954,2.23563933,-31.0499287],[8.83291721,2.23563933,-31.0749359],[8.83291721,4.32127857,
								-31.0749378],[9.65660954,4.32127857,-31.0499306],[8.83131599,4.42127895,-31.0765858],[8.82933712,4.42127895,-31.9989662],[8.82933712,6.50691795,-31.9989624],[8.83131599,6.50691795,-31.0765858],
							[8.82923031,4.42127895,-32.0988579],[8.82923031,4.42127895,-32.9735909],[8.82923031,6.50691795,-32.973587],[8.82923031,6.50691795,-32.0988541],[8.82923031,4.42127895,-33.0735893],[8.82923031,4.42127895,
								-33.9483223],[8.82923031,6.50691795,-33.9483185],[8.82923031,6.50691795,-33.0735855],[8.82923031,4.42127895,-34.0483208],[8.82923031,4.42127895,-34.9230499],[8.82923031,6.50691795,-34.9230461],
							[8.82923031,6.50691795,-34.048317],[8.82923031,4.42127895,-35.0230484],[8.82923031,4.42127895,-35.5535965],[8.82923031,6.50691795,-35.5535927],[8.82923031,6.50691795,-35.0230446],[8.82923031,4.42127895,
								-35.5535965],[9.09802723,4.42127895,-35.5535965],[9.09802723,6.50691795,-35.5535927],[8.82923031,6.50691795,-35.5535927],[9.19802761,4.42127895,-35.5535965],[10.0727587,4.42127895,-35.5535965],
							[10.0727587,6.50691795,-35.5535927],[9.19802761,6.50691795,-35.5535927],[10.1727591,4.42127895,-35.5535965],[11.0474892,4.42127895,-35.5535965],[11.0474892,6.50691795,-35.5535927],[10.1727591,6.50691795,
								-35.5535927],[11.1474895,4.42127895,-35.5535965],[12.0222206,4.42127895,-35.5535927],[12.0222206,6.50691795,-35.5535927],[11.1474895,6.50691795,-35.5535927],[12.122221,4.42127895,-35.5535927],
							[12.9969511,4.42127895,-35.5535927],[12.9969511,6.50691795,-35.5535927],[12.122221,6.50691795,-35.5535927],[13.0969515,4.42127895,-35.5535927],[13.9716816,4.42127895,-35.5535965],[13.9716816,6.50691795,
								-35.5535927],[13.0969515,6.50691795,-35.5535927],[14.071682,4.42127895,-35.5535965],[14.946413,4.42127895,-35.5535965],[14.946413,6.50691795,-35.5535927],[14.071682,6.50691795,-35.5535927],[15.0448608,
								4.42127895,-35.5520897],[15.883893,4.42127895,-35.5264244],[15.883893,6.50691795,-35.5264206],[15.0448608,6.50691795,-35.5520859],[15.8858528,4.42127895,-35.5244179],[15.8941784,4.42127895,-34.6063042],
							[15.8941784,6.50691795,-34.6063004],[15.8858528,6.50691795,-35.5244141],[15.8946295,4.42127895,-34.5067596],[15.8946295,4.42127895,-33.6320267],[15.8946295,6.50691795,-33.6320229],[15.8946295,6.50691795,
								-34.5067558],[15.8946295,4.42127895,-33.5320282],[15.8946295,4.42127895,-32.6572952],[15.8946295,6.50691795,-32.6572914],[15.8946295,6.50691795,-33.5320244],[15.8946295,4.42127895,-32.5572968],
							[15.8946295,4.42127895,-31.6825619],[15.8946295,6.50691795,-31.6825619],[15.8946295,6.50691795,-32.5572929],[15.8946295,4.42127895,-31.5825634],[15.8946285,4.42127895,-31.0484352],[15.8946285,6.50691795,
								-31.0484352],[15.8946295,6.50691795,-31.5825634],[15.8946285,4.42127895,-31.0484352],[15.6034584,4.42127895,-31.0484352],[15.6034584,6.50691795,-31.0484352],[15.8946285,6.50691795,-31.0484352],
							[15.503458,4.42127895,-31.0484352],[14.6287251,4.42127895,-31.0484352],[14.6287251,6.50691795,-31.0484352],[15.503458,6.50691795,-31.0484352],[14.5287247,4.42127895,-31.0484352],[13.6539927,4.42127895,
								-31.0484352],[13.6539927,6.50691795,-31.0484352],[14.5287247,6.50691795,-31.0484352],[13.5539923,4.42127895,-31.0484352],[12.6792612,4.42127895,-31.0484352],[12.6792612,6.50691795,-31.0484352],
							[13.5539923,6.50691795,-31.0484352],[12.5792608,4.42127895,-31.0484352],[11.7045326,4.42127895,-31.0484352],[11.7045326,6.50691795,-31.0484352],[12.5792608,6.50691795,-31.0484352],[11.6045322,4.42127895,
								-31.0484352],[10.7298012,4.42127895,-31.0484352],[10.7298012,6.50691795,-31.0484352],[11.6045322,6.50691795,-31.0484352],[10.6298008,4.42127895,-31.0484352],[9.75506973,4.42127895,-31.0484352],
							[9.75506973,6.50691795,-31.0484352],[10.6298008,6.50691795,-31.0484352],[9.65660954,4.42127895,-31.0499306],[8.83291721,4.42127895,-31.0749378],[8.83291721,6.50691795,-31.0749378],[9.65660954,6.50691795,
								-31.0499306],[8.83131599,6.60691833,-31.0765858],[8.82933712,6.60691833,-31.9989624],[8.82933712,8.69255733,-31.9989624],[8.83131599,8.69255733,-31.0765839],[8.82923031,6.60691833,-32.0988541],
							[8.82923031,6.60691833,-32.973587],[8.82923031,8.69255733,-32.973587],[8.82923031,8.69255733,-32.0988541],[8.82923031,6.60691833,-33.0735855],[8.82923031,6.60691833,-33.9483185],[8.82923031,8.69255733,
								-33.9483185],[8.82923031,8.69255733,-33.0735855],[8.82923031,6.60691833,-34.048317],[8.82923031,6.60691833,-34.9230461],[8.82923031,8.69255733,-34.9230461],[8.82923031,8.69255733,-34.048317],[8.82923031,
								6.60691833,-35.0230446],[8.82923031,6.60691833,-35.5535927],[8.82923031,8.69255733,-35.5535927],[8.82923031,8.69255733,-35.0230446],[8.82923031,6.60691833,-35.5535927],[9.09802723,6.60691833,-35.5535927],
							[9.09802723,8.69255733,-35.5535927],[8.82923031,8.69255733,-35.5535927],[9.19802761,6.60691833,-35.5535927],[10.0727587,6.60691833,-35.5535927],[10.0727587,8.69255733,-35.5535927],[9.19802761,8.69255733,
								-35.5535927],[10.1727591,6.60691833,-35.5535927],[11.0474892,6.60691833,-35.5535927],[11.0474892,8.69255733,-35.5535927],[10.1727591,8.69255733,-35.5535927],[11.1474895,6.60691833,-35.5535927],
							[12.0222206,6.60691833,-35.5535927],[12.0222206,8.69255733,-35.5535927],[11.1474895,8.69255733,-35.5535927],[12.122221,6.60691833,-35.5535927],[12.9969511,6.60691833,-35.5535927],[12.9969511,8.69255733,
								-35.5535927],[12.122221,8.69255733,-35.5535927],[13.0969515,6.60691833,-35.5535927],[13.9716816,6.60691833,-35.5535927],[13.9716816,8.69255733,-35.5535927],[13.0969515,8.69255733,-35.5535927],
							[14.071682,6.60691833,-35.5535927],[14.946413,6.60691833,-35.5535927],[14.946413,8.69255733,-35.5535927],[14.071682,8.69255733,-35.5535927],[15.0448608,6.60691833,-35.5520859],[15.883893,6.60691833,-35.5264206],
							[15.883893,8.69255733,-35.5264206],[15.0448608,8.69255733,-35.5520859],[15.8858528,6.60691833,-35.5244141],[15.8941784,6.60691833,-34.6063004],[15.8941784,8.69255733,-34.6063004],[15.8858528,8.69255733,
								-35.5244141],[15.8946295,6.60691833,-34.5067558],[15.8946295,6.60691833,-33.6320229],[15.8946295,8.69255733,-33.6320229],[15.8946295,8.69255733,-34.5067558],[15.8946295,6.60691833,-33.5320244],
							[15.8946295,6.60691833,-32.6572914],[15.8946295,8.69255733,-32.6572914],[15.8946295,8.69255733,-33.5320244],[15.8946295,6.60691833,-32.5572929],[15.8946295,6.60691833,-31.6825619],[15.8946295,8.69255733,
								-31.68256],[15.8946295,8.69255733,-32.5572929],[15.8946295,6.60691833,-31.5825634],[15.8946285,6.60691833,-31.0484352],[15.8946285,8.69255733,-31.0484333],[15.8946295,8.69255733,-31.5825615],[15.8946285,
								6.60691833,-31.0484352],[15.6034584,6.60691833,-31.0484352],[15.6034584,8.69255733,-31.0484333],[15.8946285,8.69255733,-31.0484333],[15.503458,6.60691833,-31.0484352],[14.6287251,6.60691833,-31.0484352],
							[14.6287251,8.69255733,-31.0484333],[15.503458,8.69255733,-31.0484333],[14.5287247,6.60691833,-31.0484352],[13.6539927,6.60691833,-31.0484352],[13.6539927,8.69255733,-31.0484333],[14.5287247,8.69255733,
								-31.0484333],[13.5539923,6.60691833,-31.0484352],[12.6792612,6.60691833,-31.0484352],[12.6792612,8.69255733,-31.0484333],[13.5539923,8.69255733,-31.0484333],[12.5792608,6.60691833,-31.0484352],
							[11.7045326,6.60691833,-31.0484352],[11.7045326,8.69255733,-31.0484352],[12.5792608,8.69255733,-31.0484333],[11.6045322,6.60691833,-31.0484352],[10.7298012,6.60691833,-31.0484352],[10.7298012,8.69255733,
								-31.0484352],[11.6045322,8.69255733,-31.0484352],[10.6298008,6.60691833,-31.0484352],[9.75506973,6.60691833,-31.0484352],[9.75506973,8.69255733,-31.0484333],[10.6298008,8.69255733,-31.0484352],
							[9.65660954,6.60691833,-31.0499306],[8.83291721,6.60691833,-31.0749378],[8.83291721,8.69255733,-31.0749359],[9.65660954,8.69255733,-31.0499287],[8.83131599,8.79255772,-31.0765839],[8.82933712,8.79255772,
								-31.9989624],[8.82933712,10.8781967,-31.9989624],[8.83131599,10.8781967,-31.0765839],[8.82923031,8.79255772,-32.0988541],[8.82923031,8.79255772,-32.973587],[8.82923031,10.8781967,-32.973587],[8.82923031,
								10.8781967,-32.0988541],[8.82923031,8.79255772,-33.0735855],[8.82923031,8.79255772,-33.9483185],[8.82923031,10.8781967,-33.9483185],[8.82923031,10.8781967,-33.0735855],[8.82923031,8.79255772,-34.048317],
							[8.82923031,8.79255772,-34.9230461],[8.82923031,10.8781967,-34.9230461],[8.82923031,10.8781967,-34.048317],[8.82923031,8.79255772,-35.0230446],[8.82923031,8.79255772,-35.5535927],[8.82923031,10.8781967,
								-35.5535927],[8.82923031,10.8781967,-35.0230446],[8.82923031,8.79255772,-35.5535927],[9.09802723,8.79255772,-35.5535927],[9.09802723,10.8781967,-35.5535927],[8.82923031,10.8781967,-35.5535927],
							[9.19802761,8.79255772,-35.5535927],[10.0727587,8.79255772,-35.5535927],[10.0727587,10.8781967,-35.5535927],[9.19802761,10.8781967,-35.5535927],[10.1727591,8.79255772,-35.5535927],[11.0474892,8.79255772,
								-35.5535927],[11.0474892,10.8781967,-35.5535927],[10.1727591,10.8781967,-35.5535927],[11.1474895,8.79255772,-35.5535927],[12.0222206,8.79255772,-35.5535927],[12.0222206,10.8781967,-35.5535927],
							[11.1474895,10.8781967,-35.5535927],[12.122221,8.79255772,-35.5535927],[12.9969511,8.79255772,-35.5535927],[12.9969511,10.8781967,-35.5535927],[12.122221,10.8781967,-35.5535927],[13.0969515,8.79255772,
								-35.5535927],[13.9716816,8.79255772,-35.5535927],[13.9716816,10.8781967,-35.5535927],[13.0969515,10.8781967,-35.5535927],[14.071682,8.79255772,-35.5535927],[14.946413,8.79255772,-35.5535927],[14.946413,
								10.8781967,-35.5535927],[14.071682,10.8781967,-35.5535927],[15.0448608,8.79255772,-35.5520859],[15.883893,8.79255772,-35.5264206],[15.883893,10.8781967,-35.5264206],[15.0448608,10.8781967,-35.5520859],
							[15.8858528,8.79255772,-35.5244141],[15.8941784,8.79255772,-34.6063004],[15.8941784,10.8781967,-34.6063004],[15.8858528,10.8781967,-35.5244141],[15.8946295,8.79255772,-34.5067558],[15.8946295,8.79255772,
								-33.6320229],[15.8946295,10.8781967,-33.6320229],[15.8946295,10.8781967,-34.5067558],[15.8946295,8.79255772,-33.5320244],[15.8946295,8.79255772,-32.6572914],[15.8946295,10.8781967,-32.6572914],
							[15.8946295,10.8781967,-33.5320244],[15.8946295,8.79255772,-32.5572929],[15.8946295,8.79255772,-31.68256],[15.8946295,10.8781967,-31.68256],[15.8946295,10.8781967,-32.5572929],[15.8946295,8.79255772,-31.5825615],
							[15.8946285,8.79255772,-31.0484333],[15.8946285,10.8781967,-31.0484333],[15.8946295,10.8781967,-31.5825615],[15.8946285,8.79255772,-31.0484333],[15.6034584,8.79255772,-31.0484333],[15.6034584,10.8781967,
								-31.0484333],[15.8946285,10.8781967,-31.0484333],[15.503458,8.79255772,-31.0484333],[14.6287251,8.79255772,-31.0484333],[14.6287251,10.8781967,-31.0484333],[15.503458,10.8781967,-31.0484333],[14.5287247,
								8.79255772,-31.0484333],[13.6539927,8.79255772,-31.0484333],[13.6539927,10.8781967,-31.0484333],[14.5287247,10.8781967,-31.0484333],[13.5539923,8.79255772,-31.0484333],[12.6792612,8.79255772,-31.0484333],
							[12.6792612,10.8781967,-31.0484333],[13.5539923,10.8781967,-31.0484333],[12.5792608,8.79255772,-31.0484333],[11.7045326,8.79255772,-31.0484352],[11.7045326,10.8781967,-31.0484333],[12.5792608,10.8781967,
								-31.0484333],[11.6045322,8.79255772,-31.0484352],[10.7298012,8.79255772,-31.0484352],[10.7298012,10.8781967,-31.0484333],[11.6045322,10.8781967,-31.0484333],[10.6298008,8.79255772,-31.0484352],
							[9.75506973,8.79255772,-31.0484333],[9.75506973,10.8781967,-31.0484333],[10.6298008,10.8781967,-31.0484333],[9.65660954,8.79255772,-31.0499287],[8.83291721,8.79255772,-31.0749359],[8.83291721,10.8781967,
								-31.0749359],[9.65660954,10.8781967,-31.0499287],[8.78142262,11.4281969,-31.0264778],[8.77923012,11.4281969,-32.0488548],[8.77923012,11.4281969,-33.0235863],[8.77923012,11.4281969,-33.9983177],
							[8.77923012,11.4281969,-34.9730453],[8.77923012,11.4281969,-35.6035919],[9.14802742,11.4281969,-35.6035919],[10.1227589,11.4281969,-35.6035919],[11.0974894,11.4281969,-35.6035919],[12.0722208,11.4281969,
								-35.6035919],[13.0469513,11.4281969,-35.6035919],[14.0216818,11.4281969,-35.6035919],[14.9964132,11.4281969,-35.6035919],[15.9353981,11.4281969,-35.5748672],[15.9446297,11.4281969,-34.5567551],
							[15.9446297,11.4281969,-33.5820236],[15.9446297,11.4281969,-32.6072922],[15.9446297,11.4281969,-31.6325607],[15.9446287,11.4281969,-30.9984341],[15.5534582,11.4281969,-30.9984341],[14.5787249,11.4281969,
								-30.9984341],[13.6039925,11.4281969,-30.9984341],[12.629261,11.4281969,-30.9984341],[11.6545324,11.4281969,-30.9984341],[10.679801,11.4281969,-30.9984341],[9.70506954,11.4281969,-30.9984341],[9.0807991,
								11.4281969,-31.3175259],[9.07923031,11.4281969,-32.0491753],[9.07923031,11.4281969,-33.0235863],[9.07923031,11.4281969,-33.9983177],[9.07923031,11.4281969,-34.9730453],[9.07923031,11.4281969,-35.3035927],
							[9.14802742,11.4281969,-35.3035927],[10.1227589,11.4281969,-35.3035927],[11.0974894,11.4281969,-35.3035927],[12.0722208,11.4281969,-35.3035927],[13.0469513,11.4281969,-35.3035927],[14.0216818,11.4281969,
								-35.3035927],[14.9918261,11.4281969,-35.3035927],[15.6380243,11.4281969,-35.2838249],[15.6446295,11.4281969,-34.5553932],[15.6446295,11.4281969,-33.5820236],[15.6446295,11.4281969,-32.6072922],
							[15.6446295,11.4281969,-31.6325607],[15.6446295,11.4281969,-31.2984333],[15.5534582,11.4281969,-31.2984333],[14.5787249,11.4281969,-31.2984333],[13.6039925,11.4281969,-31.2984333],[12.629261,11.4281969,
								-31.2984333],[11.6545324,11.4281969,-31.2984333],[10.679801,11.4281969,-31.2984333],[9.70962238,11.4281969,-31.2984333],[9.0807991,11.1781969,-31.3175259],[9.07923031,11.1781969,-32.0491753],[9.07923031,
								11.1781969,-33.0235863],[9.07923031,11.1781969,-33.9983177],[9.07923031,11.1781969,-34.9730453],[9.07923031,11.1781969,-35.3035927],[9.14802742,11.1781969,-35.3035927],[10.1227589,11.1781969,-35.3035927],
							[11.0974894,11.1781969,-35.3035927],[12.0722208,11.1781969,-35.3035927],[13.0469513,11.1781969,-35.3035927],[14.0216818,11.1781969,-35.3035927],[14.9918261,11.1781969,-35.3035927],[15.6380243,11.1781969,
								-35.2838249],[15.6446295,11.1781969,-34.5553932],[15.6446295,11.1781969,-33.5820236],[15.6446295,11.1781969,-32.6072922],[15.6446295,11.1781969,-31.6325607],[15.6446295,11.1781969,-31.2984333],
							[15.5534582,11.1781969,-31.2984333],[14.5787249,11.1781969,-31.2984333],[13.6039925,11.1781969,-31.2984333],[12.629261,11.1781969,-31.2984333],[11.6545324,11.1781969,-31.2984333],[10.679801,11.1781969,
								-31.2984333],[9.70962238,11.1781969,-31.2984333]
						]
					]
				]
			],
			[
				[
					"scope","public",
					"type","numeric",
					"name","Cd",
					"options",{
						"type":{
							"type":"string",
							"value":"color"
						}
					}
				],
				[
					"size",3,
					"storage","fpreal32",
					"defaults",[
						"size",1,
						"storage","fpreal64",
						"values",[1]
					],
					"values",[
						"size",3,
						"storage","fpreal32",
						"tuples",[[1,1,1],[1,1,1],[1,1,1],[1,1,1],[1,1,1],[1,1,1],[1,1,1],[1,1,1],[1,1,1],[1,1,1],[1,1,1],[1,1,1],[1,1,1],[1,1,1],[1,1,1],[1,1,1],[1,1,1],[1,1,1],[1,1,1],[1,1,1],[1,1,1],[1,1,1],[1,1,1],[1,1,1],[1,1,1],
							[1,1,1],[1,1,1],[1,1,1],[1,1,1],[1,1,1],[1,1,1],[1,1,1],[1,1,1],[1,1,1],[1,1,1],[1,1,1],[1,1,1],[1,1,1],[1,1,1],[1,1,1],[1,1,1],[1,1,1],[1,1,1],[1,1,1],[1,1,1],[1,1,1],[1,1,1],[1,1,1],[1,1,1],[1,1,1],
							[1,1,1],[1,1,1],[1,1,1],[1,1,1],[1,1,1],[1,1,1],[1,1,1],[1,1,1],[1,1,1],[1,1,1],[1,1,1],[1,1,1],[1,1,1],[1,1,1],[1,1,1],[1,1,1],[1,1,1],[1,1,1],[1,1,1],[1,1,1],[1,1,1],[1,1,1],[1,1,1],[1,1,1],[1,1,1],
							[1,1,1],[1,1,1],[1,1,1],[1,1,1],[1,1,1],[1,1,1],[1,1,1],[1,1,1],[1,1,1],[1,1,1],[1,1,1],[1,1,1],[1,1,1],[1,1,1],[1,1,1],[1,1,1],[1,1,1],[1,1,1],[1,1,1],[1,1,1],[1,1,1],[1,1,1],[1,1,1],[1,1,1],[1,1,1],
							[1,1,1],[1,1,1],[1,1,1],[1,1,1],[1,1,1],[1,1,1],[1,1,1],[1,1,1],[1,1,1],[1,1,1],[1,1,1],[1,1,1],[1,1,1],[1,1,1],[1,1,1],[1,1,1],[1,1,1],[1,1,1],[1,1,1],[1,1,1],[1,1,1],[1,1,1],[1,1,1],[1,1,1],[1,1,1],
							[1,1,1],[1,1,1],[1,1,1],[1,1,1],[1,1,1],[1,1,1],[1,1,1],[1,1,1],[1,1,1],[1,1,1],[1,1,1],[1,1,1],[1,1,1],[1,1,1],[1,1,1],[1,1,1],[1,1,1],[1,1,1],[1,1,1],[1,1,1],[1,1,1],[1,1,1],[1,1,1],[1,1,1],[1,1,1],
							[1,1,1],[1,1,1],[1,1,1],[1,1,1],[1,1,1],[1,1,1],[1,1,1],[1,1,1],[1,1,1],[1,1,1],[1,1,1],[1,1,1],[1,1,1],[1,1,1],[1,1,1],[1,1,1],[1,1,1],[1,1,1],[1,1,1],[1,1,1],[1,1,1],[1,1,1],[1,1,1],[1,1,1],[1,1,1],
							[1,1,1],[1,1,1],[1,1,1],[1,1,1],[1,1,1],[1,1,1],[1,1,1],[1,1,1],[1,1,1],[1,1,1],[1,1,1],[1,1,1],[1,1,1],[1,1,1],[1,1,1],[1,1,1],[1,1,1],[1,1,1],[1,1,1],[1,1,1],[1,1,1],[1,1,1],[1,1,1],[1,1,1],[1,1,1],
							[1,1,1],[1,1,1],[1,1,1],[1,1,1],[1,1,1],[1,1,1],[1,1,1],[1,1,1],[1,1,1],[1,1,1],[1,1,1],[1,1,1],[1,1,1],[1,1,1],[1,1,1],[1,1,1],[1,1,1],[1,1,1],[1,1,1],[1,1,1],[1,1,1],[1,1,1],[1,1,1],[1,1,1],[1,1,1],
							[1,1,1],[1,1,1],[1,1,1],[1,1,1],[1,1,1],[1,1,1],[1,1,1],[1,1,1],[1,1,1],[1,1,1],[1,1,1],[1,1,1],[1,1,1],[1,1,1],[1,1,1],[1,1,1],[1,1,1],[1,1,1],[1,1,1],[1,1,1],[1,1,1],[1,1,1],[1,1,1],[1,1,1],[1,1,1],
							[1,1,1],[1,1,1],[1,1,1],[1,1,1],[1,1,1],[1,1,1],[1,1,1],[1,1,1],[1,1,1],[1,1,1],[1,1,1],[1,1,1],[1,1,1],[1,1,1],[1,1,1],[1,1,1],[1,1,1],[1,1,1],[1,1,1],[1,1,1],[1,1,1],[1,1,1],[1,1,1],[1,1,1],[1,1,1],
							[1,1,1],[1,1,1],[1,1,1],[1,1,1],[1,1,1],[1,1,1],[1,1,1],[1,1,1],[1,1,1],[1,1,1],[1,1,1],[1,1,1],[1,1,1],[1,1,1],[1,1,1],[1,1,1],[1,1,1],[1,1,1],[1,1,1],[1,1,1],[1,1,1],[1,1,1],[1,1,1],[1,1,1],[1,1,1],
							[1,1,1],[1,1,1],[1,1,1],[1,1,1],[1,1,1],[1,1,1],[1,1,1],[1,1,1],[1,1,1],[1,1,1],[1,1,1],[1,1,1],[1,1,1],[1,1,1],[1,1,1],[1,1,1],[1,1,1],[1,1,1],[1,1,1],[1,1,1],[1,1,1],[1,1,1],[1,1,1],[1,1,1],[1,1,1],
							[1,1,1],[1,1,1],[1,1,1],[1,1,1],[1,1,1],[1,1,1],[1,1,1],[1,1,1],[1,1,1],[1,1,1],[1,1,1],[1,1,1],[1,1,1],[1,1,1],[1,1,1],[1,1,1],[1,1,1],[1,1,1],[1,1,1],[1,1,1],[1,1,1],[1,1,1],[1,1,1],[1,1,1],[1,1,1],
							[1,1,1],[1,1,1],[1,1,1],[1,1,1],[1,1,1],[1,1,1],[1,1,1],[1,1,1],[1,1,1],[1,1,1],[1,1,1],[1,1,1],[1,1,1],[1,1,1],[1,1,1],[1,1,1],[1,1,1],[1,1,1],[1,1,1],[1,1,1],[1,1,1],[1,1,1],[1,1,1],[1,1,1],[1,1,1],
							[1,1,1],[1,1,1],[1,1,1],[1,1,1],[1,1,1],[1,1,1],[1,1,1],[1,1,1],[1,1,1],[1,1,1],[1,1,1],[1,1,1],[1,1,1],[1,1,1],[1,1,1],[1,1,1],[1,1,1],[1,1,1],[1,1,1],[1,1,1],[1,1,1],[1,1,1],[1,1,1],[1,1,1],[1,1,1],
							[1,1,1],[1,1,1],[1,1,1],[1,1,1],[1,1,1],[1,1,1],[1,1,1],[1,1,1],[1,1,1],[1,1,1],[1,1,1],[1,1,1],[1,1,1],[1,1,1],[1,1,1],[1,1,1],[1,1,1],[1,1,1],[1,1,1],[1,1,1],[1,1,1],[1,1,1],[1,1,1],[1,1,1],[1,1,1],
							[1,1,1],[1,1,1],[1,1,1],[1,1,1],[1,1,1],[1,1,1],[1,1,1],[1,1,1],[1,1,1],[1,1,1],[1,1,1],[1,1,1],[1,1,1],[1,1,1],[1,1,1],[1,1,1],[1,1,1],[1,1,1],[1,1,1],[1,1,1],[1,1,1],[1,1,1],[1,1,1],[1,1,1],[1,1,1],
							[1,1,1],[1,1,1],[1,1,1],[1,1,1],[1,1,1],[1,1,1],[1,1,1],[1,1,1],[1,1,1],[1,1,1],[1,1,1],[1,1,1],[1,1,1],[1,1,1],[1,1,1],[1,1,1],[1,1,1],[1,1,1],[1,1,1],[1,1,1],[1,1,1],[1,1,1],[1,1,1],[1,1,1],[1,1,1],
							[1,1,1],[1,1,1],[1,1,1],[1,1,1],[1,1,1],[1,1,1],[1,1,1],[1,1,1],[1,1,1],[1,1,1],[1,1,1],[1,1,1],[1,1,1],[1,1,1],[1,1,1],[1,1,1],[1,1,1],[1,1,1],[1,1,1],[1,1,1],[1,1,1],[1,1,1],[1,1,1],[1,1,1],[1,1,1],
							[1,1,1],[1,1,1],[1,1,1],[1,1,1],[1,1,1],[1,1,1],[1,1,1],[1,1,1],[1,1,1],[1,1,1],[1,1,1],[1,1,1],[1,1,1],[1,1,1],[1,1,1],[1,1,1],[1,1,1],[1,1,1],[1,1,1],[1,1,1],[1,1,1],[1,1,1],[1,1,1],[1,1,1],[1,1,1],
							[1,1,1],[1,1,1],[1,1,1],[1,1,1],[1,1,1],[1,1,1],[1,1,1],[1,1,1],[1,1,1],[1,1,1],[1,1,1],[1,1,1],[1,1,1],[1,1,1],[1,1,1],[1,1,1],[1,1,1],[1,1,1],[1,1,1],[1,1,1],[1,1,1],[1,1,1],[1,1,1],[1,1,1],[1,1,1],
							[1,1,1],[1,1,1],[1,1,1],[1,1,1],[1,1,1],[1,1,1],[1,1,1],[1,1,1],[1,1,1],[1,1,1],[1,1,1],[1,1,1],[1,1,1],[1,1,1],[1,1,1],[1,1,1],[1,1,1],[1,1,1],[1,1,1],[1,1,1],[1,1,1],[1,1,1],[1,1,1],[1,1,1],[1,1,1],
							[1,1,1],[1,1,1],[1,1,1],[1,1,1],[1,1,1],[1,1,1],[1,1,1],[1,1,1],[1,1,1],[1,1,1],[1,1,1],[1,1,1],[1,1,1],[1,1,1],[1,1,1],[1,1,1],[1,1,1],[1,1,1],[1,1,1],[1,1,1],[1,1,1],[1,1,1],[1,1,1],[1,1,1],[1,1,1],
							[1,1,1],[1,1,1],[1,1,1],[1,1,1],[1,1,1],[1,1,1],[1,1,1],[1,1,1],[1,1,1],[1,1,1],[1,1,1],[1,1,1],[1,1,1],[1,1,1],[1,1,1],[1,1,1],[1,1,1],[1,1,1],[1,1,1],[1,1,1],[1,1,1],[1,1,1],[1,1,1],[1,1,1],[1,1,1],
							[1,1,1],[1,1,1],[1,1,1],[1,1,1],[1,1,1],[1,1,1],[1,1,1],[1,1,1],[1,1,1],[1,1,1],[1,1,1],[1,1,1],[1,1,1],[1,1,1],[1,1,1],[1,1,1],[1,1,1],[1,1,1],[1,1,1],[1,1,1],[1,1,1],[1,1,1],[1,1,1],[1,1,1],[1,1,1],
							[1,1,1],[1,1,1],[1,1,1],[1,1,1],[1,1,1],[1,1,1],[1,1,1],[1,1,1],[1,1,1],[1,1,1],[1,1,1],[1,1,1],[1,1,1],[1,1,1],[1,1,1],[1,1,1],[1,1,1],[1,1,1],[1,1,1],[1,1,1],[1,1,1],[1,1,1],[1,1,1],[1,1,1],[1,1,1],
							[1,1,1],[0.0250000004,0.0250000004,0.0250000004],[0.0250000004,0.0250000004,0.0250000004],[0.0250000004,0.0250000004,0.0250000004],[0.0250000004,0.0250000004,0.0250000004],[0.0250000004,0.0250000004,0.0250000004],
							[0.0250000004,0.0250000004,0.0250000004],[0.0250000004,0.0250000004,0.0250000004],[0.0250000004,0.0250000004,0.0250000004],[0.0250000004,0.0250000004,0.0250000004],[0.0250000004,0.0250000004,0.0250000004],
							[0.0250000004,0.0250000004,0.0250000004],[0.0250000004,0.0250000004,0.0250000004],[0.0250000004,0.0250000004,0.0250000004],[0.0250000004,0.0250000004,0.0250000004],[0.0250000004,0.0250000004,0.0250000004],
							[0.0250000004,0.0250000004,0.0250000004],[0.0250000004,0.0250000004,0.0250000004],[0.0250000004,0.0250000004,0.0250000004],[0.0250000004,0.0250000004,0.0250000004],[0.0250000004,0.0250000004,0.0250000004],
							[0.0250000004,0.0250000004,0.0250000004],[0.0250000004,0.0250000004,0.0250000004],[0.0250000004,0.0250000004,0.0250000004],[0.0250000004,0.0250000004,0.0250000004],[0.0250000004,0.0250000004,0.0250000004],
							[0.0250000004,0.0250000004,0.0250000004],[0.0250000004,0.0250000004,0.0250000004],[0.0250000004,0.0250000004,0.0250000004],[0.0250000004,0.0250000004,0.0250000004],[0.0250000004,0.0250000004,0.0250000004],
							[0.0250000004,0.0250000004,0.0250000004],[0.0250000004,0.0250000004,0.0250000004],[0.0250000004,0.0250000004,0.0250000004],[0.0250000004,0.0250000004,0.0250000004],[0.0250000004,0.0250000004,0.0250000004],
							[0.0250000004,0.0250000004,0.0250000004],[0.0250000004,0.0250000004,0.0250000004],[0.0250000004,0.0250000004,0.0250000004],[0.0250000004,0.0250000004,0.0250000004],[0.0250000004,0.0250000004,0.0250000004],
							[0.0250000004,0.0250000004,0.0250000004],[0.0250000004,0.0250000004,0.0250000004],[0.0250000004,0.0250000004,0.0250000004],[0.0250000004,0.0250000004,0.0250000004],[0.0250000004,0.0250000004,0.0250000004],
							[0.0250000004,0.0250000004,0.0250000004],[0.0250000004,0.0250000004,0.0250000004],[0.0250000004,0.0250000004,0.0250000004],[0.0250000004,0.0250000004,0.0250000004],[0.0250000004,0.0250000004,0.0250000004],
							[0.0250000004,0.0250000004,0.0250000004],[0.0250000004,0.0250000004,0.0250000004],[0.0250000004,0.0250000004,0.0250000004],[0.0250000004,0.0250000004,0.0250000004],[0.0250000004,0.0250000004,0.0250000004],
							[0.0250000004,0.0250000004,0.0250000004],[0.0250000004,0.0250000004,0.0250000004],[0.0250000004,0.0250000004,0.0250000004],[0.0250000004,0.0250000004,0.0250000004],[0.0250000004,0.0250000004,0.0250000004],
							[0.0250000004,0.0250000004,0.0250000004],[0.0250000004,0.0250000004,0.0250000004],[0.0250000004,0.0250000004,0.0250000004],[0.0250000004,0.0250000004,0.0250000004],[0.0250000004,0.0250000004,0.0250000004],
							[0.0250000004,0.0250000004,0.0250000004],[0.0250000004,0.0250000004,0.0250000004],[0.0250000004,0.0250000004,0.0250000004],[0.0250000004,0.0250000004,0.0250000004],[0.0250000004,0.0250000004,0.0250000004],
							[0.0250000004,0.0250000004,0.0250000004],[0.0250000004,0.0250000004,0.0250000004],[0.0250000004,0.0250000004,0.0250000004],[0.0250000004,0.0250000004,0.0250000004],[0.0250000004,0.0250000004,0.0250000004],
							[0.0250000004,0.0250000004,0.0250000004],[0.0250000004,0.0250000004,0.0250000004],[0.0250000004,0.0250000004,0.0250000004],[0.0250000004,0.0250000004,0.0250000004],[0.0250000004,0.0250000004,0.0250000004],
							[0.0250000004,0.0250000004,0.0250000004],[0.0250000004,0.0250000004,0.0250000004],[0.0250000004,0.0250000004,0.0250000004],[0.0250000004,0.0250000004,0.0250000004],[0.0250000004,0.0250000004,0.0250000004],
							[0.0250000004,0.0250000004,0.0250000004],[0.0250000004,0.0250000004,0.0250000004],[0.0250000004,0.0250000004,0.0250000004],[0.0250000004,0.0250000004,0.0250000004],[0.0250000004,0.0250000004,0.0250000004],
							[0.0250000004,0.0250000004,0.0250000004],[0.0250000004,0.0250000004,0.0250000004],[0.0250000004,0.0250000004,0.0250000004],[0.0250000004,0.0250000004,0.0250000004],[0.0250000004,0.0250000004,0.0250000004],
							[0.0250000004,0.0250000004,0.0250000004],[0.0250000004,0.0250000004,0.0250000004],[0.0250000004,0.0250000004,0.0250000004],[0.0250000004,0.0250000004,0.0250000004],[0.0250000004,0.0250000004,0.0250000004],
							[0.0250000004,0.0250000004,0.0250000004],[0.0250000004,0.0250000004,0.0250000004],[0.0250000004,0.0250000004,0.0250000004],[0.0250000004,0.0250000004,0.0250000004],[0.0250000004,0.0250000004,0.0250000004],
							[0.0250000004,0.0250000004,0.0250000004],[0.0250000004,0.0250000004,0.0250000004],[0.0250000004,0.0250000004,0.0250000004],[0.0250000004,0.0250000004,0.0250000004],[0.0250000004,0.0250000004,0.0250000004],
							[0.0250000004,0.0250000004,0.0250000004],[0.0250000004,0.0250000004,0.0250000004],[0.0250000004,0.0250000004,0.0250000004],[0.0250000004,0.0250000004,0.0250000004],[0.0250000004,0.0250000004,0.0250000004],
							[0.0250000004,0.0250000004,0.0250000004],[0.0250000004,0.0250000004,0.0250000004],[0.0250000004,0.0250000004,0.0250000004],[0.0250000004,0.0250000004,0.0250000004],[0.0250000004,0.0250000004,0.0250000004],
							[0.0250000004,0.0250000004,0.0250000004],[0.0250000004,0.0250000004,0.0250000004],[0.0250000004,0.0250000004,0.0250000004],[0.0250000004,0.0250000004,0.0250000004],[0.0250000004,0.0250000004,0.0250000004],
							[0.0250000004,0.0250000004,0.0250000004],[0.0250000004,0.0250000004,0.0250000004],[0.0250000004,0.0250000004,0.0250000004],[0.0250000004,0.0250000004,0.0250000004],[0.0250000004,0.0250000004,0.0250000004],
							[0.0250000004,0.0250000004,0.0250000004],[0.0250000004,0.0250000004,0.0250000004],[0.0250000004,0.0250000004,0.0250000004],[0.0250000004,0.0250000004,0.0250000004],[0.0250000004,0.0250000004,0.0250000004],
							[0.0250000004,0.0250000004,0.0250000004],[0.0250000004,0.0250000004,0.0250000004],[0.0250000004,0.0250000004,0.0250000004],[0.0250000004,0.0250000004,0.0250000004],[0.0250000004,0.0250000004,0.0250000004],
							[0.0250000004,0.0250000004,0.0250000004],[0.0250000004,0.0250000004,0.0250000004],[0.0250000004,0.0250000004,0.0250000004],[0.0250000004,0.0250000004,0.0250000004],[0.0250000004,0.0250000004,0.0250000004],
							[0.0250000004,0.0250000004,0.0250000004],[0.0250000004,0.0250000004,0.0250000004],[0.0250000004,0.0250000004,0.0250000004],[0.0250000004,0.0250000004,0.0250000004],[0.0250000004,0.0250000004,0.0250000004],
							[0.0250000004,0.0250000004,0.0250000004],[0.0250000004,0.0250000004,0.0250000004],[0.0250000004,0.0250000004,0.0250000004],[0.0250000004,0.0250000004,0.0250000004],[0.0250000004,0.0250000004,0.0250000004],
							[0.0250000004,0.0250000004,0.0250000004],[0.0250000004,0.0250000004,0.0250000004],[0.0250000004,0.0250000004,0.0250000004],[0.0250000004,0.0250000004,0.0250000004],[0.0250000004,0.0250000004,0.0250000004],
							[0.0250000004,0.0250000004,0.0250000004],[0.0250000004,0.0250000004,0.0250000004],[0.0250000004,0.0250000004,0.0250000004],[0.0250000004,0.0250000004,0.0250000004],[0.0250000004,0.0250000004,0.0250000004],
							[0.0250000004,0.0250000004,0.0250000004],[0.0250000004,0.0250000004,0.0250000004],[0.0250000004,0.0250000004,0.0250000004],[0.0250000004,0.0250000004,0.0250000004],[0.0250000004,0.0250000004,0.0250000004],
							[0.0250000004,0.0250000004,0.0250000004],[0.0250000004,0.0250000004,0.0250000004],[0.0250000004,0.0250000004,0.0250000004],[0.0250000004,0.0250000004,0.0250000004],[0.0250000004,0.0250000004,0.0250000004],
							[0.0250000004,0.0250000004,0.0250000004],[0.0250000004,0.0250000004,0.0250000004],[0.0250000004,0.0250000004,0.0250000004],[0.0250000004,0.0250000004,0.0250000004],[0.0250000004,0.0250000004,0.0250000004],
							[0.0250000004,0.0250000004,0.0250000004],[0.0250000004,0.0250000004,0.0250000004],[0.0250000004,0.0250000004,0.0250000004],[0.0250000004,0.0250000004,0.0250000004],[0.0250000004,0.0250000004,0.0250000004],
							[0.0250000004,0.0250000004,0.0250000004],[0.0250000004,0.0250000004,0.0250000004],[0.0250000004,0.0250000004,0.0250000004],[0.0250000004,0.0250000004,0.0250000004],[0.0250000004,0.0250000004,0.0250000004],
							[0.0250000004,0.0250000004,0.0250000004],[0.0250000004,0.0250000004,0.0250000004],[0.0250000004,0.0250000004,0.0250000004],[0.0250000004,0.0250000004,0.0250000004],[0.0250000004,0.0250000004,0.0250000004],
							[0.0250000004,0.0250000004,0.0250000004],[0.0250000004,0.0250000004,0.0250000004],[0.0250000004,0.0250000004,0.0250000004],[0.0250000004,0.0250000004,0.0250000004],[0.0250000004,0.0250000004,0.0250000004],
							[0.0250000004,0.0250000004,0.0250000004],[0.0250000004,0.0250000004,0.0250000004],[0.0250000004,0.0250000004,0.0250000004],[0.0250000004,0.0250000004,0.0250000004],[0.0250000004,0.0250000004,0.0250000004],
							[0.0250000004,0.0250000004,0.0250000004],[0.0250000004,0.0250000004,0.0250000004],[0.0250000004,0.0250000004,0.0250000004],[0.0250000004,0.0250000004,0.0250000004],[0.0250000004,0.0250000004,0.0250000004],
							[0.0250000004,0.0250000004,0.0250000004],[0.0250000004,0.0250000004,0.0250000004],[0.0250000004,0.0250000004,0.0250000004],[0.0250000004,0.0250000004,0.0250000004],[0.0250000004,0.0250000004,0.0250000004],
							[0.0250000004,0.0250000004,0.0250000004],[0.0250000004,0.0250000004,0.0250000004],[0.0250000004,0.0250000004,0.0250000004],[0.0250000004,0.0250000004,0.0250000004],[0.0250000004,0.0250000004,0.0250000004],
							[0.0250000004,0.0250000004,0.0250000004],[0.0250000004,0.0250000004,0.0250000004],[0.0250000004,0.0250000004,0.0250000004],[0.0250000004,0.0250000004,0.0250000004],[0.0250000004,0.0250000004,0.0250000004],
							[0.0250000004,0.0250000004,0.0250000004],[0.0250000004,0.0250000004,0.0250000004],[0.0250000004,0.0250000004,0.0250000004],[0.0250000004,0.0250000004,0.0250000004],[0.0250000004,0.0250000004,0.0250000004],
							[0.0250000004,0.0250000004,0.0250000004],[0.0250000004,0.0250000004,0.0250000004],[0.0250000004,0.0250000004,0.0250000004],[0.0250000004,0.0250000004,0.0250000004],[0.0250000004,0.0250000004,0.0250000004],
							[0.0250000004,0.0250000004,0.0250000004],[0.0250000004,0.0250000004,0.0250000004],[0.0250000004,0.0250000004,0.0250000004],[0.0250000004,0.0250000004,0.0250000004],[0.0250000004,0.0250000004,0.0250000004],
							[0.0250000004,0.0250000004,0.0250000004],[0.0250000004,0.0250000004,0.0250000004],[0.0250000004,0.0250000004,0.0250000004],[0.0250000004,0.0250000004,0.0250000004],[0.0250000004,0.0250000004,0.0250000004],
							[0.0250000004,0.0250000004,0.0250000004],[0.0250000004,0.0250000004,0.0250000004],[0.0250000004,0.0250000004,0.0250000004],[0.0250000004,0.0250000004,0.0250000004],[0.0250000004,0.0250000004,0.0250000004],
							[0.0250000004,0.0250000004,0.0250000004],[0.0250000004,0.0250000004,0.0250000004],[0.0250000004,0.0250000004,0.0250000004],[0.0250000004,0.0250000004,0.0250000004],[0.0250000004,0.0250000004,0.0250000004],
							[0.0250000004,0.0250000004,0.0250000004],[0.0250000004,0.0250000004,0.0250000004],[0.0250000004,0.0250000004,0.0250000004],[0.0250000004,0.0250000004,0.0250000004],[0.0250000004,0.0250000004,0.0250000004],
							[0.0250000004,0.0250000004,0.0250000004],[0.0250000004,0.0250000004,0.0250000004],[0.0250000004,0.0250000004,0.0250000004],[0.0250000004,0.0250000004,0.0250000004],[0.0250000004,0.0250000004,0.0250000004],
							[0.0250000004,0.0250000004,0.0250000004],[0.0250000004,0.0250000004,0.0250000004],[0.0250000004,0.0250000004,0.0250000004],[0.0250000004,0.0250000004,0.0250000004],[0.0250000004,0.0250000004,0.0250000004],
							[0.0250000004,0.0250000004,0.0250000004],[0.0250000004,0.0250000004,0.0250000004],[0.0250000004,0.0250000004,0.0250000004],[0.0250000004,0.0250000004,0.0250000004],[0.0250000004,0.0250000004,0.0250000004],
							[0.0250000004,0.0250000004,0.0250000004],[0.0250000004,0.0250000004,0.0250000004],[0.0250000004,0.0250000004,0.0250000004],[0.0250000004,0.0250000004,0.0250000004],[0.0250000004,0.0250000004,0.0250000004],
							[0.0250000004,0.0250000004,0.0250000004],[0.0250000004,0.0250000004,0.0250000004],[0.0250000004,0.0250000004,0.0250000004],[0.0250000004,0.0250000004,0.0250000004],[0.0250000004,0.0250000004,0.0250000004],
							[0.0250000004,0.0250000004,0.0250000004],[0.0250000004,0.0250000004,0.0250000004],[0.0250000004,0.0250000004,0.0250000004],[0.0250000004,0.0250000004,0.0250000004],[0.0250000004,0.0250000004,0.0250000004],
							[0.0250000004,0.0250000004,0.0250000004],[0.0250000004,0.0250000004,0.0250000004],[0.0250000004,0.0250000004,0.0250000004],[0.0250000004,0.0250000004,0.0250000004],[0.0250000004,0.0250000004,0.0250000004],
							[0.0250000004,0.0250000004,0.0250000004],[0.0250000004,0.0250000004,0.0250000004],[0.0250000004,0.0250000004,0.0250000004],[0.0250000004,0.0250000004,0.0250000004],[0.0250000004,0.0250000004,0.0250000004],
							[0.0250000004,0.0250000004,0.0250000004],[0.0250000004,0.0250000004,0.0250000004],[0.0250000004,0.0250000004,0.0250000004],[0.0250000004,0.0250000004,0.0250000004],[0.0250000004,0.0250000004,0.0250000004],
							[0.0250000004,0.0250000004,0.0250000004],[0.0250000004,0.0250000004,0.0250000004],[0.0250000004,0.0250000004,0.0250000004],[0.0250000004,0.0250000004,0.0250000004],[0.0250000004,0.0250000004,0.0250000004],
							[0.0250000004,0.0250000004,0.0250000004],[0.0250000004,0.0250000004,0.0250000004],[0.0250000004,0.0250000004,0.0250000004],[0.0250000004,0.0250000004,0.0250000004],[0.0250000004,0.0250000004,0.0250000004],
							[0.0250000004,0.0250000004,0.0250000004],[0.0250000004,0.0250000004,0.0250000004],[0.0250000004,0.0250000004,0.0250000004],[0.0250000004,0.0250000004,0.0250000004],[0.0250000004,0.0250000004,0.0250000004],
							[0.0250000004,0.0250000004,0.0250000004],[0.0250000004,0.0250000004,0.0250000004],[0.0250000004,0.0250000004,0.0250000004],[0.0250000004,0.0250000004,0.0250000004],[0.0250000004,0.0250000004,0.0250000004],
							[0.0250000004,0.0250000004,0.0250000004],[0.0250000004,0.0250000004,0.0250000004],[0.0250000004,0.0250000004,0.0250000004],[0.0250000004,0.0250000004,0.0250000004],[0.0250000004,0.0250000004,0.0250000004],
							[0.0250000004,0.0250000004,0.0250000004],[0.0250000004,0.0250000004,0.0250000004],[0.0250000004,0.0250000004,0.0250000004],[0.0250000004,0.0250000004,0.0250000004],[0.0250000004,0.0250000004,0.0250000004],
							[0.0250000004,0.0250000004,0.0250000004],[0.0250000004,0.0250000004,0.0250000004],[0.0250000004,0.0250000004,0.0250000004],[0.0250000004,0.0250000004,0.0250000004],[0.0250000004,0.0250000004,0.0250000004],
							[0.0250000004,0.0250000004,0.0250000004],[0.0250000004,0.0250000004,0.0250000004],[0.0250000004,0.0250000004,0.0250000004],[0.0250000004,0.0250000004,0.0250000004],[0.0250000004,0.0250000004,0.0250000004],
							[0.0250000004,0.0250000004,0.0250000004],[0.0250000004,0.0250000004,0.0250000004],[0.0250000004,0.0250000004,0.0250000004],[0.0250000004,0.0250000004,0.0250000004],[0.0250000004,0.0250000004,0.0250000004],
							[0.0250000004,0.0250000004,0.0250000004],[0.0250000004,0.0250000004,0.0250000004],[0.0250000004,0.0250000004,0.0250000004],[0.0250000004,0.0250000004,0.0250000004],[0.0250000004,0.0250000004,0.0250000004],
							[0.0250000004,0.0250000004,0.0250000004],[0.0250000004,0.0250000004,0.0250000004],[0.0250000004,0.0250000004,0.0250000004],[0.0250000004,0.0250000004,0.0250000004],[0.0250000004,0.0250000004,0.0250000004],
							[0.0250000004,0.0250000004,0.0250000004],[0.0250000004,0.0250000004,0.0250000004],[0.0250000004,0.0250000004,0.0250000004],[0.0250000004,0.0250000004,0.0250000004],[0.0250000004,0.0250000004,0.0250000004],
							[0.0250000004,0.0250000004,0.0250000004],[0.0250000004,0.0250000004,0.0250000004],[0.0250000004,0.0250000004,0.0250000004],[0.0250000004,0.0250000004,0.0250000004],[0.0250000004,0.0250000004,0.0250000004],
							[0.0250000004,0.0250000004,0.0250000004],[0.0250000004,0.0250000004,0.0250000004],[0.0250000004,0.0250000004,0.0250000004],[0.0250000004,0.0250000004,0.0250000004],[0.0250000004,0.0250000004,0.0250000004],
							[0.0250000004,0.0250000004,0.0250000004],[0.0250000004,0.0250000004,0.0250000004],[0.0250000004,0.0250000004,0.0250000004],[0.0250000004,0.0250000004,0.0250000004],[0.0250000004,0.0250000004,0.0250000004],
							[0.0250000004,0.0250000004,0.0250000004],[0.0250000004,0.0250000004,0.0250000004],[0.0250000004,0.0250000004,0.0250000004],[0.0250000004,0.0250000004,0.0250000004],[0.0250000004,0.0250000004,0.0250000004],
							[0.0250000004,0.0250000004,0.0250000004],[0.0250000004,0.0250000004,0.0250000004],[0.0250000004,0.0250000004,0.0250000004],[0.0250000004,0.0250000004,0.0250000004],[0.0250000004,0.0250000004,0.0250000004],
							[0.0250000004,0.0250000004,0.0250000004],[0.0250000004,0.0250000004,0.0250000004],[0.0250000004,0.0250000004,0.0250000004],[0.0250000004,0.0250000004,0.0250000004],[0.0250000004,0.0250000004,0.0250000004],
							[0.0250000004,0.0250000004,0.0250000004],[0.0250000004,0.0250000004,0.0250000004],[0.0250000004,0.0250000004,0.0250000004],[0.0250000004,0.0250000004,0.0250000004],[0.0250000004,0.0250000004,0.0250000004],
							[0.0250000004,0.0250000004,0.0250000004],[0.0250000004,0.0250000004,0.0250000004],[0.0250000004,0.0250000004,0.0250000004],[0.0250000004,0.0250000004,0.0250000004],[0.0250000004,0.0250000004,0.0250000004],
							[0.0250000004,0.0250000004,0.0250000004],[0.0250000004,0.0250000004,0.0250000004],[0.0250000004,0.0250000004,0.0250000004],[0.0250000004,0.0250000004,0.0250000004],[0.0250000004,0.0250000004,0.0250000004],
							[0.0250000004,0.0250000004,0.0250000004],[0.0250000004,0.0250000004,0.0250000004],[0.0250000004,0.0250000004,0.0250000004],[0.0250000004,0.0250000004,0.0250000004],[0.0250000004,0.0250000004,0.0250000004],
							[0.0250000004,0.0250000004,0.0250000004],[0.0250000004,0.0250000004,0.0250000004],[0.0250000004,0.0250000004,0.0250000004],[0.0250000004,0.0250000004,0.0250000004],[0.0250000004,0.0250000004,0.0250000004],
							[0.0250000004,0.0250000004,0.0250000004],[0.0250000004,0.0250000004,0.0250000004],[0.0250000004,0.0250000004,0.0250000004],[0.0250000004,0.0250000004,0.0250000004],[0.0250000004,0.0250000004,0.0250000004],
							[0.0250000004,0.0250000004,0.0250000004],[0.0250000004,0.0250000004,0.0250000004],[0.0250000004,0.0250000004,0.0250000004],[0.0250000004,0.0250000004,0.0250000004],[0.0250000004,0.0250000004,0.0250000004],
							[0.0250000004,0.0250000004,0.0250000004],[0.0250000004,0.0250000004,0.0250000004],[0.0250000004,0.0250000004,0.0250000004],[0.0250000004,0.0250000004,0.0250000004],[0.0250000004,0.0250000004,0.0250000004],
							[0.0250000004,0.0250000004,0.0250000004],[0.0250000004,0.0250000004,0.0250000004],[0.0250000004,0.0250000004,0.0250000004],[0.0250000004,0.0250000004,0.0250000004],[0.0250000004,0.0250000004,0.0250000004],
							[0.0250000004,0.0250000004,0.0250000004],[0.0250000004,0.0250000004,0.0250000004],[0.0250000004,0.0250000004,0.0250000004],[0.0250000004,0.0250000004,0.0250000004],[0.0250000004,0.0250000004,0.0250000004],
							[0.0250000004,0.0250000004,0.0250000004],[0.0250000004,0.0250000004,0.0250000004],[0.0250000004,0.0250000004,0.0250000004],[0.0250000004,0.0250000004,0.0250000004],[0.0250000004,0.0250000004,0.0250000004],
							[0.0250000004,0.0250000004,0.0250000004],[0.0250000004,0.0250000004,0.0250000004],[0.0250000004,0.0250000004,0.0250000004],[0.0250000004,0.0250000004,0.0250000004],[0.0250000004,0.0250000004,0.0250000004],
							[0.0250000004,0.0250000004,0.0250000004],[0.0250000004,0.0250000004,0.0250000004],[0.0250000004,0.0250000004,0.0250000004],[0.0250000004,0.0250000004,0.0250000004],[0.0250000004,0.0250000004,0.0250000004],
							[0.0250000004,0.0250000004,0.0250000004],[0.0250000004,0.0250000004,0.0250000004],[0.0250000004,0.0250000004,0.0250000004],[0.0250000004,0.0250000004,0.0250000004],[0.0250000004,0.0250000004,0.0250000004],
							[0.0250000004,0.0250000004,0.0250000004],[0.0250000004,0.0250000004,0.0250000004],[0.0250000004,0.0250000004,0.0250000004],[0.0250000004,0.0250000004,0.0250000004],[0.0250000004,0.0250000004,0.0250000004],
							[0.0250000004,0.0250000004,0.0250000004],[0.0250000004,0.0250000004,0.0250000004],[0.0250000004,0.0250000004,0.0250000004],[0.0250000004,0.0250000004,0.0250000004],[0.0250000004,0.0250000004,0.0250000004],
							[0.0250000004,0.0250000004,0.0250000004],[0.0250000004,0.0250000004,0.0250000004],[0.0250000004,0.0250000004,0.0250000004],[0.0250000004,0.0250000004,0.0250000004],[0.0250000004,0.0250000004,0.0250000004],
							[0.0250000004,0.0250000004,0.0250000004],[0.0250000004,0.0250000004,0.0250000004],[0.0250000004,0.0250000004,0.0250000004],[0.0250000004,0.0250000004,0.0250000004],[0.0250000004,0.0250000004,0.0250000004],
							[0.0250000004,0.0250000004,0.0250000004],[0.0250000004,0.0250000004,0.0250000004],[0.0250000004,0.0250000004,0.0250000004],[0.0250000004,0.0250000004,0.0250000004],[0.0250000004,0.0250000004,0.0250000004],
							[0.0250000004,0.0250000004,0.0250000004],[0.0250000004,0.0250000004,0.0250000004],[0.0250000004,0.0250000004,0.0250000004],[0.0250000004,0.0250000004,0.0250000004],[0.0250000004,0.0250000004,0.0250000004],
							[0.0250000004,0.0250000004,0.0250000004],[0.0250000004,0.0250000004,0.0250000004],[0.0250000004,0.0250000004,0.0250000004],[0.0250000004,0.0250000004,0.0250000004],[0.0250000004,0.0250000004,0.0250000004],
							[0.0250000004,0.0250000004,0.0250000004],[0.0250000004,0.0250000004,0.0250000004],[0.0250000004,0.0250000004,0.0250000004],[0.0250000004,0.0250000004,0.0250000004],[0.0250000004,0.0250000004,0.0250000004],
							[0.0250000004,0.0250000004,0.0250000004],[0.0250000004,0.0250000004,0.0250000004],[0.0250000004,0.0250000004,0.0250000004],[0.0250000004,0.0250000004,0.0250000004],[0.0250000004,0.0250000004,0.0250000004],
							[0.0250000004,0.0250000004,0.0250000004],[0.0250000004,0.0250000004,0.0250000004],[0.0250000004,0.0250000004,0.0250000004],[0.0250000004,0.0250000004,0.0250000004],[0.0250000004,0.0250000004,0.0250000004],
							[0.0250000004,0.0250000004,0.0250000004],[0.0250000004,0.0250000004,0.0250000004],[0.0250000004,0.0250000004,0.0250000004],[0.0250000004,0.0250000004,0.0250000004],[0.0250000004,0.0250000004,0.0250000004],
							[1,1,1],[1,1,1],[1,1,1],[1,1,1],[1,1,1],[1,1,1],[1,1,1],[1,1,1],[1,1,1],[1,1,1],[1,1,1],[1,1,1],[1,1,1],[1,1,1],[1,1,1],[1,1,1],[1,1,1],[1,1,1],[1,1,1],[1,1,1],[1,1,1],[1,1,1],[1,1,1],[1,1,1],[1,1,1],
							[1,1,1],[1,1,1],[1,1,1],[1,1,1],[1,1,1],[1,1,1],[1,1,1],[1,1,1],[1,1,1],[1,1,1],[1,1,1],[1,1,1],[1,1,1],[1,1,1],[1,1,1],[1,1,1],[1,1,1],[1,1,1],[1,1,1],[1,1,1],[1,1,1],[1,1,1],[1,1,1],[1,1,1],[1,1,1],
							[1,1,1],[1,1,1],[1,1,1],[1,1,1],[1,1,1],[1,1,1],[1,1,1],[1,1,1],[1,1,1],[1,1,1],[1,1,1],[1,1,1],[1,1,1],[1,1,1],[1,1,1],[1,1,1],[1,1,1],[1,1,1],[1,1,1],[1,1,1],[1,1,1],[1,1,1],[1,1,1],[1,1,1],[1,1,1],
							[1,1,1],[1,1,1],[1,1,1]
						]
					]
				]
			]
		]
	],
	"primitives",[
		[
			[
				"type","Polygon_run"
			],
			[
				"startvertex",0,
				"nprimitives",1249,
				"nvertices_rle",[4,1222,26,1,4,26]
			]
		]
	],
	"primitivegroups",[
		[
			[
				"name","window_out"
			],
			[
				"selection",[
					"unordered",[
						"boolRLE",[520,false,130,true,599,false
						]
					]
				]
			]
		],
		[
			[
				"name","building_top"
			],
			[
				"selection",[
					"unordered",[
						"boolRLE",[1222,false,1,true,26,false
						]
					]
				]
			]
		],
		[
			[
				"name","roof_out"
			],
			[
				"selection",[
					"unordered",[
						"boolRLE",[1222,false,1,true,26,false
						]
					]
				]
			]
		],
		[
			[
				"name","building_side"
			],
			[
				"selection",[
					"unordered",[
						"boolRLE",[520,false,130,true,599,false
						]
					]
				]
			]
		]
	]
]
