[
	"fileversion","20.0.547",
	"hasindex",false,
	"pointcount",1176,
	"vertexcount",4632,
	"primitivecount",1153,
	"info",{
		"date":"2024-02-29 23:32:04",
		"timetocook":0.0103569999999999999,
		"software":"Houdini 20.0.547",
		"artist":"USER",
		"hostname":"DESKTOP-DIN3UIA",
		"time":0,
		"bounds":[-3.59555745,3.58536458,-9.3361729e-16,11.2667971,11.5448494,15.2471256],
		"primcount_summary":"      1,153 Polygons\n",
		"attribute_summary":"     2 point attributes:\tP, Cd\n",
		"group_summary":"     4 primitive groups:\twindow_out\n\tbuilding_top\n\troof_out\n\tbuilding_side\n"
	},
	"topology",[
		"pointref",[
			"indices",[0,1,145,144,1,49,146,145,49,48,147,146,48,0,144,147,1,2,149,148,2,50,150,149,50,49,151,150,49,1,148,151,2,3,153,152,3,51,154,153,51,50,155,154,50,2,152,155,3,4,157,156,4,52,158,157,52,51,159,158,51,3,156,159,4,5,161,160,5,
				53,162,161,53,52,163,162,52,4,160,163,5,6,165,164,6,54,166,165,54,53,167,166,53,5,164,167,6,7,169,168,7,55,170,169,55,54,171,170,54,6,168,171,7,8,173,172,8,56,174,173,56,55,175,174,55,7,172,175,8,9,177,176,9,57,178,177,57,56,
				179,178,56,8,176,179,9,10,181,180,10,58,182,181,58,57,183,182,57,9,180,183,10,11,185,184,11,59,186,185,59,58,187,186,58,10,184,187,11,12,189,188,12,60,190,189,60,59,191,190,59,11,188,191,12,13,193,192,13,61,194,193,61,60,195,
				194,60,12,192,195,13,14,197,196,14,62,198,197,62,61,199,198,61,13,196,199,14,15,201,200,15,63,202,201,63,62,203,202,62,14,200,203,15,16,205,204,16,64,206,205,64,63,207,206,63,15,204,207,16,17,209,208,17,65,210,209,65,64,211,
				210,64,16,208,211,17,18,213,212,18,66,214,213,66,65,215,214,65,17,212,215,18,19,217,216,19,67,218,217,67,66,219,218,66,18,216,219,19,20,221,220,20,68,222,221,68,67,223,222,67,19,220,223,20,21,225,224,21,69,226,225,69,68,227,
				226,68,20,224,227,21,22,229,228,22,70,230,229,70,69,231,230,69,21,228,231,22,23,233,232,23,71,234,233,71,70,235,234,70,22,232,235,23,0,237,236,0,48,238,237,48,71,239,238,71,23,236,239,48,49,241,240,49,73,242,241,73,72,243,242,
				72,48,240,243,49,50,245,244,50,74,246,245,74,73,247,246,73,49,244,247,50,51,249,248,51,75,250,249,75,74,251,250,74,50,248,251,51,52,253,252,52,76,254,253,76,75,255,254,75,51,252,255,52,53,257,256,53,77,258,257,77,76,259,258,
				76,52,256,259,53,54,261,260,54,78,262,261,78,77,263,262,77,53,260,263,54,55,265,264,55,79,266,265,79,78,267,266,78,54,264,267,55,56,269,268,56,80,270,269,80,79,271,270,79,55,268,271,56,57,273,272,57,81,274,273,81,80,275,274,
				80,56,272,275,57,58,277,276,58,82,278,277,82,81,279,278,81,57,276,279,58,59,281,280,59,83,282,281,83,82,283,282,82,58,280,283,59,60,285,284,60,84,286,285,84,83,287,286,83,59,284,287,60,61,289,288,61,85,290,289,85,84,291,290,
				84,60,288,291,61,62,293,292,62,86,294,293,86,85,295,294,85,61,292,295,62,63,297,296,63,87,298,297,87,86,299,298,86,62,296,299,63,64,301,300,64,88,302,301,88,87,303,302,87,63,300,303,64,65,305,304,65,89,306,305,89,88,307,306,
				88,64,304,307,65,66,309,308,66,90,310,309,90,89,311,310,89,65,308,311,66,67,313,312,67,91,314,313,91,90,315,314,90,66,312,315,67,68,317,316,68,92,318,317,92,91,319,318,91,67,316,319,68,69,321,320,69,93,322,321,93,92,323,322,
				92,68,320,323,69,70,325,324,70,94,326,325,94,93,327,326,93,69,324,327,70,71,329,328,71,95,330,329,95,94,331,330,94,70,328,331,71,48,333,332,48,72,334,333,72,95,335,334,95,71,332,335,72,73,337,336,73,97,338,337,97,96,339,338,
				96,72,336,339,73,74,341,340,74,98,342,341,98,97,343,342,97,73,340,343,74,75,345,344,75,99,346,345,99,98,347,346,98,74,344,347,75,76,349,348,76,100,350,349,100,99,351,350,99,75,348,351,76,77,353,352,77,101,354,353,101,100,355,
				354,100,76,352,355,77,78,357,356,78,102,358,357,102,101,359,358,101,77,356,359,78,79,361,360,79,103,362,361,103,102,363,362,102,78,360,363,79,80,365,364,80,104,366,365,104,103,367,366,103,79,364,367,80,81,369,368,81,105,370,
				369,105,104,371,370,104,80,368,371,81,82,373,372,82,106,374,373,106,105,375,374,105,81,372,375,82,83,377,376,83,107,378,377,107,106,379,378,106,82,376,379,83,84,381,380,84,108,382,381,108,107,383,382,107,83,380,383,84,85,385,
				384,85,109,386,385,109,108,387,386,108,84,384,387,85,86,389,388,86,110,390,389,110,109,391,390,109,85,388,391,86,87,393,392,87,111,394,393,111,110,395,394,110,86,392,395,87,88,397,396,88,112,398,397,112,111,399,398,111,87,396,
				399,88,89,401,400,89,113,402,401,113,112,403,402,112,88,400,403,89,90,405,404,90,114,406,405,114,113,407,406,113,89,404,407,90,91,409,408,91,115,410,409,115,114,411,410,114,90,408,411,91,92,413,412,92,116,414,413,116,115,415,
				414,115,91,412,415,92,93,417,416,93,117,418,417,117,116,419,418,116,92,416,419,93,94,421,420,94,118,422,421,118,117,423,422,117,93,420,423,94,95,425,424,95,119,426,425,119,118,427,426,118,94,424,427,95,72,429,428,72,96,430,429,
				96,119,431,430,119,95,428,431,96,97,433,432,97,121,434,433,121,120,435,434,120,96,432,435,97,98,437,436,98,122,438,437,122,121,439,438,121,97,436,439,98,99,441,440,99,123,442,441,123,122,443,442,122,98,440,443,99,100,445,444,
				100,124,446,445,124,123,447,446,123,99,444,447,100,101,449,448,101,125,450,449,125,124,451,450,124,100,448,451,101,102,453,452,102,126,454,453,126,125,455,454,125,101,452,455,102,103,457,456,103,127,458,457,127,126,459,458,126,
				102,456,459,103,104,461,460,104,128,462,461,128,127,463,462,127,103,460,463,104,105,465,464,105,129,466,465,129,128,467,466,128,104,464,467,105,106,469,468,106,130,470,469,130,129,471,470,129,105,468,471,106,107,473,472,107,
				131,474,473,131,130,475,474,130,106,472,475,107,108,477,476,108,132,478,477,132,131,479,478,131,107,476,479,108,109,481,480,109,133,482,481,133,132,483,482,132,108,480,483,109,110,485,484,110,134,486,485,134,133,487,486,133,
				109,484,487,110,111,489,488,111,135,490,489,135,134,491,490,134,110,488,491,111,112,493,492,112,136,494,493,136,135,495,494,135,111,492,495,112,113,497,496,113,137,498,497,137,136,499,498,136,112,496,499,113,114,501,500,114,
				138,502,501,138,137,503,502,137,113,500,503,114,115,505,504,115,139,506,505,139,138,507,506,138,114,504,507,115,116,509,508,116,140,510,509,140,139,511,510,139,115,508,511,116,117,513,512,117,141,514,513,141,140,515,514,140,
				116,512,515,117,118,517,516,118,142,518,517,142,141,519,518,141,117,516,519,118,119,521,520,119,143,522,521,143,142,523,522,142,118,520,523,119,96,525,524,96,120,526,525,120,143,527,526,143,119,524,527,120,121,529,528,121,25,
				530,529,25,24,531,530,24,120,528,531,121,122,533,532,122,26,534,533,26,25,535,534,25,121,532,535,122,123,537,536,123,27,538,537,27,26,539,538,26,122,536,539,123,124,541,540,124,28,542,541,28,27,543,542,27,123,540,543,124,125,
				545,544,125,29,546,545,29,28,547,546,28,124,544,547,125,126,549,548,126,30,550,549,30,29,551,550,29,125,548,551,126,127,553,552,127,31,554,553,31,30,555,554,30,126,552,555,127,128,557,556,128,32,558,557,32,31,559,558,31,127,
				556,559,128,129,561,560,129,33,562,561,33,32,563,562,32,128,560,563,129,130,565,564,130,34,566,565,34,33,567,566,33,129,564,567,130,131,569,568,131,35,570,569,35,34,571,570,34,130,568,571,131,132,573,572,132,36,574,573,36,35,
				575,574,35,131,572,575,132,133,577,576,133,37,578,577,37,36,579,578,36,132,576,579,133,134,581,580,134,38,582,581,38,37,583,582,37,133,580,583,134,135,585,584,135,39,586,585,39,38,587,586,38,134,584,587,135,136,589,588,136,40,
				590,589,40,39,591,590,39,135,588,591,136,137,593,592,137,41,594,593,41,40,595,594,40,136,592,595,137,138,597,596,138,42,598,597,42,41,599,598,41,137,596,599,138,139,601,600,139,43,602,601,43,42,603,602,42,138,600,603,139,140,
				605,604,140,44,606,605,44,43,607,606,43,139,604,607,140,141,609,608,141,45,610,609,45,44,611,610,44,140,608,611,141,142,613,612,142,46,614,613,46,45,615,614,45,141,612,615,142,143,617,616,143,47,618,617,47,46,619,618,46,142,
				616,619,143,120,621,620,120,24,622,621,24,47,623,622,47,143,620,623,624,625,626,627,628,629,630,631,632,633,634,635,636,637,638,639,640,641,642,643,644,645,646,647,648,649,650,651,652,653,654,655,656,657,658,659,660,661,662,
				663,664,665,666,667,668,669,670,671,672,673,674,675,676,677,678,679,680,681,682,683,684,685,686,687,688,689,690,691,692,693,694,695,696,697,698,699,700,701,702,703,704,705,706,707,708,709,710,711,712,713,714,715,716,717,718,
				719,720,721,722,723,724,725,726,727,728,729,730,731,732,733,734,735,736,737,738,739,740,741,742,743,744,745,746,747,748,749,750,751,752,753,754,755,756,757,758,759,760,761,762,763,764,765,766,767,768,769,770,771,772,773,774,
				775,776,777,778,779,780,781,782,783,784,785,786,787,788,789,790,791,792,793,794,795,796,797,798,799,800,801,802,803,804,805,806,807,808,809,810,811,812,813,814,815,816,817,818,819,820,821,822,823,824,825,826,827,828,829,830,
				831,832,833,834,835,836,837,838,839,840,841,842,843,844,845,846,847,848,849,850,851,852,853,854,855,856,857,858,859,860,861,862,863,864,865,866,867,868,869,870,871,872,873,874,875,876,877,878,879,880,881,882,883,884,885,886,
				887,888,889,890,891,892,893,894,895,896,897,898,899,900,901,902,903,904,905,906,907,908,909,910,911,912,913,914,915,916,917,918,919,920,921,922,923,924,925,926,927,928,929,930,931,932,933,934,935,936,937,938,939,940,941,942,
				943,944,945,946,947,948,949,950,951,952,953,954,955,956,957,958,959,960,961,962,963,964,965,966,967,968,969,970,971,972,973,974,975,976,977,978,979,980,981,982,983,984,985,986,987,988,989,990,991,992,993,994,995,996,997,998,
				999,1000,1001,1002,1003,1004,1005,1006,1007,1008,1009,1010,1011,1012,1013,1014,1015,1016,1017,1018,1019,1020,1021,1022,1023,1024,1025,1026,1027,1028,1029,1030,1031,1032,1033,1034,1035,1036,1037,1038,1039,1040,1041,1042,1043,
				1044,1045,1046,1047,1048,1049,1050,1051,1052,1053,1054,1055,1056,1057,1058,1059,1060,1061,1062,1063,1064,1065,1066,1067,1068,1069,1070,1071,1072,1073,1074,1075,1076,1077,1078,1079,1080,1081,1082,1083,1084,1085,1086,1087,1088,
				1089,1090,1091,1092,1093,1094,1095,1096,1097,1098,1099,1100,1101,1102,1103,144,145,625,624,145,146,626,625,146,147,627,626,147,144,624,627,148,149,629,628,149,150,630,629,150,151,631,630,151,148,628,631,152,153,633,632,153,154,
				634,633,154,155,635,634,155,152,632,635,156,157,637,636,157,158,638,637,158,159,639,638,159,156,636,639,160,161,641,640,161,162,642,641,162,163,643,642,163,160,640,643,164,165,645,644,165,166,646,645,166,167,647,646,167,164,
				644,647,168,169,649,648,169,170,650,649,170,171,651,650,171,168,648,651,172,173,653,652,173,174,654,653,174,175,655,654,175,172,652,655,176,177,657,656,177,178,658,657,178,179,659,658,179,176,656,659,180,181,661,660,181,182,
				662,661,182,183,663,662,183,180,660,663,184,185,665,664,185,186,666,665,186,187,667,666,187,184,664,667,188,189,669,668,189,190,670,669,190,191,671,670,191,188,668,671,192,193,673,672,193,194,674,673,194,195,675,674,195,192,
				672,675,196,197,677,676,197,198,678,677,198,199,679,678,199,196,676,679,200,201,681,680,201,202,682,681,202,203,683,682,203,200,680,683,204,205,685,684,205,206,686,685,206,207,687,686,207,204,684,687,208,209,689,688,209,210,
				690,689,210,211,691,690,211,208,688,691,212,213,693,692,213,214,694,693,214,215,695,694,215,212,692,695,216,217,697,696,217,218,698,697,218,219,699,698,219,216,696,699,220,221,701,700,221,222,702,701,222,223,703,702,223,220,
				700,703,224,225,705,704,225,226,706,705,226,227,707,706,227,224,704,707,228,229,709,708,229,230,710,709,230,231,711,710,231,228,708,711,232,233,713,712,233,234,714,713,234,235,715,714,235,232,712,715,236,237,717,716,237,238,
				718,717,238,239,719,718,239,236,716,719,240,241,721,720,241,242,722,721,242,243,723,722,243,240,720,723,244,245,725,724,245,246,726,725,246,247,727,726,247,244,724,727,248,249,729,728,249,250,730,729,250,251,731,730,251,248,
				728,731,252,253,733,732,253,254,734,733,254,255,735,734,255,252,732,735,256,257,737,736,257,258,738,737,258,259,739,738,259,256,736,739,260,261,741,740,261,262,742,741,262,263,743,742,263,260,740,743,264,265,745,744,265,266,
				746,745,266,267,747,746,267,264,744,747,268,269,749,748,269,270,750,749,270,271,751,750,271,268,748,751,272,273,753,752,273,274,754,753,274,275,755,754,275,272,752,755,276,277,757,756,277,278,758,757,278,279,759,758,279,276,
				756,759,280,281,761,760,281,282,762,761,282,283,763,762,283,280,760,763,284,285,765,764,285,286,766,765,286,287,767,766,287,284,764,767,288,289,769,768,289,290,770,769,290,291,771,770,291,288,768,771,292,293,773,772,293,294,
				774,773,294,295,775,774,295,292,772,775,296,297,777,776,297,298,778,777,298,299,779,778,299,296,776,779,300,301,781,780,301,302,782,781,302,303,783,782,303,300,780,783,304,305,785,784,305,306,786,785,306,307,787,786,307,304,
				784,787,308,309,789,788,309,310,790,789,310,311,791,790,311,308,788,791,312,313,793,792,313,314,794,793,314,315,795,794,315,312,792,795,316,317,797,796,317,318,798,797,318,319,799,798,319,316,796,799,320,321,801,800,321,322,
				802,801,322,323,803,802,323,320,800,803,324,325,805,804,325,326,806,805,326,327,807,806,327,324,804,807,328,329,809,808,329,330,810,809,330,331,811,810,331,328,808,811,332,333,813,812,333,334,814,813,334,335,815,814,335,332,
				812,815,336,337,817,816,337,338,818,817,338,339,819,818,339,336,816,819,340,341,821,820,341,342,822,821,342,343,823,822,343,340,820,823,344,345,825,824,345,346,826,825,346,347,827,826,347,344,824,827,348,349,829,828,349,350,
				830,829,350,351,831,830,351,348,828,831,352,353,833,832,353,354,834,833,354,355,835,834,355,352,832,835,356,357,837,836,357,358,838,837,358,359,839,838,359,356,836,839,360,361,841,840,361,362,842,841,362,363,843,842,363,360,
				840,843,364,365,845,844,365,366,846,845,366,367,847,846,367,364,844,847,368,369,849,848,369,370,850,849,370,371,851,850,371,368,848,851,372,373,853,852,373,374,854,853,374,375,855,854,375,372,852,855,376,377,857,856,377,378,
				858,857,378,379,859,858,379,376,856,859,380,381,861,860,381,382,862,861,382,383,863,862,383,380,860,863,384,385,865,864,385,386,866,865,386,387,867,866,387,384,864,867,388,389,869,868,389,390,870,869,390,391,871,870,391,388,
				868,871,392,393,873,872,393,394,874,873,394,395,875,874,395,392,872,875,396,397,877,876,397,398,878,877,398,399,879,878,399,396,876,879,400,401,881,880,401,402,882,881,402,403,883,882,403,400,880,883,404,405,885,884,405,406,
				886,885,406,407,887,886,407,404,884,887,408,409,889,888,409,410,890,889,410,411,891,890,411,408,888,891,412,413,893,892,413,414,894,893,414,415,895,894,415,412,892,895,416,417,897,896,417,418,898,897,418,419,899,898,419,416,
				896,899,420,421,901,900,421,422,902,901,422,423,903,902,423,420,900,903,424,425,905,904,425,426,906,905,426,427,907,906,427,424,904,907,428,429,909,908,429,430,910,909,430,431,911,910,431,428,908,911,432,433,913,912,433,434,
				914,913,434,435,915,914,435,432,912,915,436,437,917,916,437,438,918,917,438,439,919,918,439,436,916,919,440,441,921,920,441,442,922,921,442,443,923,922,443,440,920,923,444,445,925,924,445,446,926,925,446,447,927,926,447,444,
				924,927,448,449,929,928,449,450,930,929,450,451,931,930,451,448,928,931,452,453,933,932,453,454,934,933,454,455,935,934,455,452,932,935,456,457,937,936,457,458,938,937,458,459,939,938,459,456,936,939,460,461,941,940,461,462,
				942,941,462,463,943,942,463,460,940,943,464,465,945,944,465,466,946,945,466,467,947,946,467,464,944,947,468,469,949,948,469,470,950,949,470,471,951,950,471,468,948,951,472,473,953,952,473,474,954,953,474,475,955,954,475,472,
				952,955,476,477,957,956,477,478,958,957,478,479,959,958,479,476,956,959,480,481,961,960,481,482,962,961,482,483,963,962,483,480,960,963,484,485,965,964,485,486,966,965,486,487,967,966,487,484,964,967,488,489,969,968,489,490,
				970,969,490,491,971,970,491,488,968,971,492,493,973,972,493,494,974,973,494,495,975,974,495,492,972,975,496,497,977,976,497,498,978,977,498,499,979,978,499,496,976,979,500,501,981,980,501,502,982,981,502,503,983,982,503,500,
				980,983,504,505,985,984,505,506,986,985,506,507,987,986,507,504,984,987,508,509,989,988,509,510,990,989,510,511,991,990,511,508,988,991,512,513,993,992,513,514,994,993,514,515,995,994,515,512,992,995,516,517,997,996,517,518,
				998,997,518,519,999,998,519,516,996,999,520,521,1001,1000,521,522,1002,1001,522,523,1003,1002,523,520,1000,1003,524,525,1005,1004,525,526,1006,1005,526,527,1007,1006,527,524,1004,1007,528,529,1009,1008,529,530,1010,1009,530,
				531,1011,1010,531,528,1008,1011,532,533,1013,1012,533,534,1014,1013,534,535,1015,1014,535,532,1012,1015,536,537,1017,1016,537,538,1018,1017,538,539,1019,1018,539,536,1016,1019,540,541,1021,1020,541,542,1022,1021,542,543,1023,
				1022,543,540,1020,1023,544,545,1025,1024,545,546,1026,1025,546,547,1027,1026,547,544,1024,1027,548,549,1029,1028,549,550,1030,1029,550,551,1031,1030,551,548,1028,1031,552,553,1033,1032,553,554,1034,1033,554,555,1035,1034,555,
				552,1032,1035,556,557,1037,1036,557,558,1038,1037,558,559,1039,1038,559,556,1036,1039,560,561,1041,1040,561,562,1042,1041,562,563,1043,1042,563,560,1040,1043,564,565,1045,1044,565,566,1046,1045,566,567,1047,1046,567,564,1044,
				1047,568,569,1049,1048,569,570,1050,1049,570,571,1051,1050,571,568,1048,1051,572,573,1053,1052,573,574,1054,1053,574,575,1055,1054,575,572,1052,1055,576,577,1057,1056,577,578,1058,1057,578,579,1059,1058,579,576,1056,1059,580,
				581,1061,1060,581,582,1062,1061,582,583,1063,1062,583,580,1060,1063,584,585,1065,1064,585,586,1066,1065,586,587,1067,1066,587,584,1064,1067,588,589,1069,1068,589,590,1070,1069,590,591,1071,1070,591,588,1068,1071,592,593,1073,
				1072,593,594,1074,1073,594,595,1075,1074,595,592,1072,1075,596,597,1077,1076,597,598,1078,1077,598,599,1079,1078,599,596,1076,1079,600,601,1081,1080,601,602,1082,1081,602,603,1083,1082,603,600,1080,1083,604,605,1085,1084,605,
				606,1086,1085,606,607,1087,1086,607,604,1084,1087,608,609,1089,1088,609,610,1090,1089,610,611,1091,1090,611,608,1088,1091,612,613,1093,1092,613,614,1094,1093,614,615,1095,1094,615,612,1092,1095,616,617,1097,1096,617,618,1098,
				1097,618,619,1099,1098,619,616,1096,1099,620,621,1101,1100,621,622,1102,1101,622,623,1103,1102,623,620,1100,1103,24,25,1105,1104,25,26,1106,1105,26,27,1107,1106,27,28,1108,1107,28,29,1109,1108,29,30,1110,1109,30,31,1111,1110,
				31,32,1112,1111,32,33,1113,1112,33,34,1114,1113,34,35,1115,1114,35,36,1116,1115,36,37,1117,1116,37,38,1118,1117,38,39,1119,1118,39,40,1120,1119,40,41,1121,1120,41,42,1122,1121,42,43,1123,1122,43,44,1124,1123,44,45,1125,1124,
				45,46,1126,1125,46,47,1127,1126,47,24,1104,1127,1104,1105,1129,1128,1105,1106,1130,1129,1106,1107,1131,1130,1107,1108,1132,1131,1108,1109,1133,1132,1109,1110,1134,1133,1110,1111,1135,1134,1111,1112,1136,1135,1112,1113,1137,1136,
				1113,1114,1138,1137,1114,1115,1139,1138,1115,1116,1140,1139,1116,1117,1141,1140,1117,1118,1142,1141,1118,1119,1143,1142,1119,1120,1144,1143,1120,1121,1145,1144,1121,1122,1146,1145,1122,1123,1147,1146,1123,1124,1148,1147,1124,
				1125,1149,1148,1125,1126,1150,1149,1126,1127,1151,1150,1127,1104,1128,1151,1152,1153,1154,1155,1156,1157,1158,1159,1160,1161,1162,1163,1164,1165,1166,1167,1168,1169,1170,1171,1172,1173,1174,1175,1128,1129,1153,1152,1129,1130,
				1154,1153,1130,1131,1155,1154,1131,1132,1156,1155,1132,1133,1157,1156,1133,1134,1158,1157,1134,1135,1159,1158,1135,1136,1160,1159,1136,1137,1161,1160,1137,1138,1162,1161,1138,1139,1163,1162,1139,1140,1164,1163,1140,1141,1165,
				1164,1141,1142,1166,1165,1142,1143,1167,1166,1143,1144,1168,1167,1144,1145,1169,1168,1145,1146,1170,1169,1146,1147,1171,1170,1147,1148,1172,1171,1148,1149,1173,1172,1149,1150,1174,1173,1150,1151,1175,1174,1151,1128,1152,1175]
		]
	],
	"attributes",[
		"pointattributes",[
			[
				[
					"scope","public",
					"type","numeric",
					"name","P",
					"options",{
						"type":{
							"type":"string",
							"value":"point"
						}
					}
				],
				[
					"size",3,
					"storage","fpreal32",
					"defaults",[
						"size",1,
						"storage","fpreal64",
						"values",[0]
					],
					"values",[
						"size",3,
						"storage","fpreal32",
						"tuples",[[-3.5955565,-9.31017005e-16,15.2046604],[-3.59555674,-8.65792133e-16,14.1394596],[-3.59555674,-8.05767831e-16,13.1591873],[-3.59555674,-7.4574353e-16,12.178916],[-3.59555674,-7.06918028e-16,11.5448494],
							[-3.19919968,-7.06918081e-16,11.5448494],[-2.21892715,-7.06918081e-16,11.5448494],[-1.23865366,-7.06918081e-16,11.5448494],[-0.258381665,-7.06918081e-16,11.5448494],[0.721891046,-7.06918134e-16,11.5448494],
							[1.70216298,-7.06918134e-16,11.5448494],[2.68243575,-7.06918081e-16,11.5448494],[3.58377361,-7.09629486e-16,11.5891294],[3.58536386,-7.74949491e-16,12.6558857],[3.58536386,-8.34973845e-16,13.636158],[3.58536386,
								-8.949982e-16,14.6164293],[3.5853641,-9.3361729e-16,15.2471256],[3.18503261,-9.33617185e-16,15.2471256],[2.20476699,-9.33617185e-16,15.2471256],[1.22449803,-9.33617185e-16,15.2471256],[0.244230658,
								-9.33617185e-16,15.2471256],[-0.736038268,-9.33617185e-16,15.2471256],[-1.71630859,-9.33617185e-16,15.2471256],[-2.69657588,-9.33617185e-16,15.2471256],[-3.5955565,10.7667971,15.2046604],[-3.59555674,
								10.7667971,14.1394596],[-3.59555674,10.7667971,13.1591873],[-3.59555674,10.7667971,12.178916],[-3.59555674,10.7667971,11.5448494],[-3.19919968,10.7667971,11.5448494],[-2.21892715,10.7667971,11.5448494],
							[-1.23865366,10.7667971,11.5448494],[-0.258381665,10.7667971,11.5448494],[0.721891046,10.7667971,11.5448494],[1.70216298,10.7667971,11.5448494],[2.68243575,10.7667971,11.5448494],[3.58377361,10.7667971,
								11.5891294],[3.58536386,10.7667971,12.6558857],[3.58536386,10.7667971,13.636158],[3.58536386,10.7667971,14.6164293],[3.5853641,10.7667971,15.2471256],[3.18503261,10.7667971,15.2471256],[2.20476699,
								10.7667971,15.2471256],[1.22449803,10.7667971,15.2471256],[0.244230658,10.7667971,15.2471256],[-0.736038268,10.7667971,15.2471256],[-1.71630859,10.7667971,15.2471256],[-2.69657588,10.7667971,15.2471256],
							[-3.5955565,2.15335941,15.2046604],[-3.59555674,2.15335941,14.1394596],[-3.59555674,2.15335941,13.1591873],[-3.59555674,2.15335941,12.178916],[-3.59555697,2.15335941,11.5448494],[-3.19920015,2.15335941,
								11.5448494],[-2.21892715,2.15335941,11.5448494],[-1.23865354,2.15335941,11.5448494],[-0.258381635,2.15335941,11.5448494],[0.721891046,2.15335941,11.5448494],[1.70216298,2.15335941,11.5448494],
							[2.68243527,2.15335941,11.5448494],[3.58377361,2.15335941,11.5891294],[3.58536386,2.15335941,12.6558857],[3.58536363,2.15335941,13.636158],[3.58536363,2.15335941,14.6164293],[3.5853641,2.15335941,15.2471256],
							[3.18503261,2.15335941,15.2471256],[2.20476699,2.15335941,15.2471256],[1.22449803,2.15335941,15.2471256],[0.244230643,2.15335941,15.2471256],[-0.736038208,2.15335941,15.2471256],[-1.71630847,2.15335941,
								15.2471256],[-2.69657588,2.15335941,15.2471256],[-3.59555697,4.30671883,15.2046604],[-3.59555697,4.30671883,14.1394596],[-3.59555721,4.30671883,13.1591873],[-3.59555745,4.30671883,12.178916],[-3.59555721,
								4.30671883,11.5448494],[-3.19920015,4.30671883,11.5448494],[-2.21892738,4.30671883,11.5448494],[-1.23865366,4.30671883,11.5448494],[-0.258381665,4.30671883,11.5448494],[0.721891105,4.30671883,
								11.5448494],[1.7021631,4.30671883,11.5448494],[2.68243575,4.30671883,11.5448494],[3.58377385,4.30671883,11.5891294],[3.5853641,4.30671883,12.6558857],[3.5853641,4.30671883,13.636158],[3.58536386,
								4.30671883,14.6164293],[3.58536434,4.30671883,15.2471256],[3.18503284,4.30671883,15.2471256],[2.20476723,4.30671883,15.2471256],[1.22449815,4.30671883,15.2471256],[0.244230688,4.30671883,15.2471256],
							[-0.736038268,4.30671883,15.2471256],[-1.71630859,4.30671883,15.2471256],[-2.69657612,4.30671883,15.2471256],[-3.5955565,6.46007824,15.2046604],[-3.5955565,6.46007824,14.1394596],[-3.59555674,6.46007824,
								13.1591873],[-3.59555697,6.46007824,12.178916],[-3.59555674,6.46007824,11.5448494],[-3.19919991,6.46007824,11.5448494],[-2.21892715,6.46007824,11.5448494],[-1.23865354,6.46007824,11.5448494],[-0.258381635,
								6.46007824,11.5448494],[0.721891046,6.46007824,11.5448494],[1.70216298,6.46007824,11.5448494],[2.68243527,6.46007824,11.5448494],[3.58377337,6.46007824,11.5891294],[3.58536363,6.46007824,12.6558857],
							[3.58536363,6.46007824,13.636158],[3.58536339,6.46007824,14.6164293],[3.58536386,6.46007824,15.2471256],[3.18503237,6.46007824,15.2471256],[2.20476699,6.46007824,15.2471256],[1.22449803,6.46007824,15.2471256],
							[0.244230658,6.46007824,15.2471256],[-0.736038208,6.46007824,15.2471256],[-1.71630836,6.46007824,15.2471256],[-2.69657588,6.46007824,15.2471256],[-3.59555697,8.61343765,15.2046604],[-3.59555721,8.61343765,
								14.1394596],[-3.59555721,8.61343765,13.1591873],[-3.59555721,8.61343765,12.178916],[-3.59555745,8.61343765,11.5448494],[-3.19920039,8.61343765,11.5448494],[-2.21892738,8.61343765,11.5448494],[-1.23865366,
								8.61343765,11.5448494],[-0.258381665,8.61343765,11.5448494],[0.721891105,8.61343765,11.5448494],[1.7021631,8.61343765,11.5448494],[2.68243575,8.61343765,11.5448494],[3.58377409,8.61343765,11.5891294],
							[3.58536434,8.61343765,12.6558857],[3.5853641,8.61343765,13.636158],[3.5853641,8.61343765,14.6164293],[3.58536458,8.61343765,15.2471256],[3.18503308,8.61343765,15.2471256],[2.20476723,8.61343765,15.2471256],
							[1.22449815,8.61343765,15.2471256],[0.244230673,8.61343765,15.2471256],[-0.736038268,8.61343765,15.2471256],[-1.71630871,8.61343765,15.2471256],[-2.69657612,8.61343765,15.2471256],[-3.5955565,0.0500000007,
								15.1546602],[-3.59555674,0.0500000007,14.1894598],[-3.59555674,2.10335946,14.1894598],[-3.5955565,2.10335946,15.1546602],[-3.59555674,0.049999997,14.0894594],[-3.59555674,0.049999997,13.2091875],
							[-3.59555674,2.10335946,13.2091875],[-3.59555674,2.10335946,14.0894594],[-3.59555674,0.0500000007,13.1091871],[-3.59555674,0.0500000007,12.2289162],[-3.59555674,2.10335946,12.2289162],[-3.59555674,2.10335946,
								13.1091871],[-3.59555674,0.0500000007,12.1289158],[-3.59555674,0.0500000007,11.5948496],[-3.59555697,2.10335946,11.5948496],[-3.59555674,2.10335946,12.1289158],[-3.54555678,0.0500000007,11.5448494],
							[-3.24919963,0.0500000007,11.5448494],[-3.24920011,2.10335946,11.5448494],[-3.54555702,2.10335946,11.5448494],[-3.14919972,0.0499999933,11.5448494],[-2.2689271,0.049999997,11.5448494],[-2.2689271,2.10335946,
								11.5448494],[-3.1492002,2.10335946,11.5448494],[-2.16892719,0.0500000007,11.5448494],[-1.28865361,0.0500000007,11.5448494],[-1.28865349,2.10335946,11.5448494],[-2.16892719,2.10335946,11.5448494],
							[-1.18865371,0.0500000007,11.5448494],[-0.308381677,0.0500000007,11.5448494],[-0.308381647,2.10335946,11.5448494],[-1.18865359,2.10335946,11.5448494],[-0.208381668,0.0500000007,11.5448494],[0.671891034,
								0.0500000007,11.5448494],[0.671891034,2.10335946,11.5448494],[-0.208381638,2.10335946,11.5448494],[0.771891057,0.0500000007,11.5448494],[1.65216303,0.0500000007,11.5448494],[1.65216303,2.10335946,
								11.5448494],[0.771891057,2.10335946,11.5448494],[1.75216293,0.0500000007,11.5448494],[2.6324358,0.0500000007,11.5448494],[2.63243532,2.10335946,11.5448494],[1.75216293,2.10335946,11.5448494],[2.73237562,
								0.0500000007,11.5473032],[3.53383374,0.0500000007,11.5866756],[3.53383374,2.10335946,11.5866756],[2.73237514,2.10335946,11.5473032],[3.58384824,0.0500000007,11.6391296],[3.58528924,0.0500000007,
								12.6058855],[3.58528924,2.10335946,12.6058855],[3.58384824,2.10335946,11.6391296],[3.58536386,0.049999997,12.7058859],[3.58536386,0.049999997,13.5861578],[3.58536363,2.10335946,13.5861578],[3.58536386,
								2.10335946,12.7058859],[3.58536386,0.0500000007,13.6861582],[3.58536386,0.0500000007,14.5664291],[3.58536363,2.10335946,14.5664291],[3.58536363,2.10335946,13.6861582],[3.58536386,0.0500000007,
								14.6664295],[3.5853641,0.0500000007,15.1971254],[3.5853641,2.10335946,15.1971254],[3.58536363,2.10335946,14.6664295],[3.53536415,0.0500000007,15.2471256],[3.23503256,0.0500000007,15.2471256],[3.23503256,
								2.10335946,15.2471256],[3.53536415,2.10335946,15.2471256],[3.13503265,0.0500000007,15.2471256],[2.25476694,0.0500000007,15.2471256],[2.25476694,2.10335946,15.2471256],[3.13503265,2.10335946,15.2471256],
							[2.15476704,0.0500000007,15.2471256],[1.27449799,0.0500000007,15.2471256],[1.27449799,2.10335946,15.2471256],[2.15476704,2.10335946,15.2471256],[1.17449808,0.0500000007,15.2471256],[0.29423067,0.0500000007,
								15.2471256],[0.29423064,2.10335946,15.2471256],[1.17449808,2.10335946,15.2471256],[0.194230661,0.0500000007,15.2471256],[-0.686038256,0.0500000007,15.2471256],[-0.686038196,2.10335946,15.2471256],
							[0.194230646,2.10335946,15.2471256],[-0.78603828,0.0500000007,15.2471256],[-1.66630864,0.0500000007,15.2471256],[-1.66630852,2.10335946,15.2471256],[-0.78603822,2.10335946,15.2471256],[-1.76630855,0.0500000007,
								15.2471256],[-2.64657593,0.0500000007,15.2471256],[-2.64657593,2.10335946,15.2471256],[-1.76630843,2.10335946,15.2471256],[-2.74652028,0.0500000007,15.2447662],[-3.5456121,0.0500000007,15.2070198],
							[-3.5456121,2.10335946,15.2070198],[-2.74652028,2.10335946,15.2447662],[-3.5955565,2.20335937,15.1546602],[-3.59555674,2.20335937,14.1894598],[-3.59555697,4.25671864,14.1894598],[-3.59555697,4.25671864,
								15.1546602],[-3.59555674,2.20335937,14.0894594],[-3.59555674,2.20335937,13.2091875],[-3.59555721,4.25671864,13.2091875],[-3.59555697,4.25671864,14.0894594],[-3.59555674,2.20335937,13.1091871],
							[-3.59555674,2.20335937,12.2289162],[-3.59555745,4.25671864,12.2289162],[-3.59555721,4.25671864,13.1091871],[-3.59555674,2.20335937,12.1289158],[-3.59555697,2.20335937,11.5948496],[-3.59555721,4.25671864,
								11.5948496],[-3.59555745,4.25671864,12.1289158],[-3.54555702,2.20335937,11.5448494],[-3.24920011,2.20335937,11.5448494],[-3.24920011,4.25671864,11.5448494],[-3.54555726,4.25671864,11.5448494],
							[-3.1492002,2.20335937,11.5448494],[-2.2689271,2.20335937,11.5448494],[-2.26892734,4.25671864,11.5448494],[-3.1492002,4.25671864,11.5448494],[-2.16892719,2.20335937,11.5448494],[-1.28865349,2.20335937,
								11.5448494],[-1.28865361,4.25671864,11.5448494],[-2.16892743,4.25671864,11.5448494],[-1.18865359,2.20335937,11.5448494],[-0.308381647,2.20335937,11.5448494],[-0.308381677,4.25671864,11.5448494],
							[-1.18865371,4.25671864,11.5448494],[-0.208381638,2.20335937,11.5448494],[0.671891034,2.20335937,11.5448494],[0.671891093,4.25671864,11.5448494],[-0.208381668,4.25671864,11.5448494],[0.771891057,2.20335937,
								11.5448494],[1.65216303,2.20335937,11.5448494],[1.65216315,4.25671864,11.5448494],[0.771891117,4.25671864,11.5448494],[1.75216293,2.20335937,11.5448494],[2.63243532,2.20335937,11.5448494],[2.6324358,
								4.25671864,11.5448494],[1.75216305,4.25671864,11.5448494],[2.73237514,2.20335937,11.5473032],[3.53383374,2.20335937,11.5866756],[3.53383398,4.25671864,11.5866756],[2.73237562,4.25671864,11.5473032],
							[3.58384824,2.20335937,11.6391296],[3.58528924,2.20335937,12.6058855],[3.58528948,4.25671864,12.6058855],[3.58384848,4.25671864,11.6391296],[3.58536386,2.20335937,12.7058859],[3.58536363,2.20335937,13.5861578],
							[3.5853641,4.25671864,13.5861578],[3.5853641,4.25671864,12.7058859],[3.58536363,2.20335937,13.6861582],[3.58536363,2.20335937,14.5664291],[3.58536386,4.25671864,14.5664291],[3.5853641,4.25671864,13.6861582],
							[3.58536363,2.20335937,14.6664295],[3.5853641,2.20335937,15.1971254],[3.58536434,4.25671864,15.1971254],[3.58536386,4.25671864,14.6664295],[3.53536415,2.20335937,15.2471256],[3.23503256,2.20335937,15.2471256],
							[3.2350328,4.25671864,15.2471256],[3.53536439,4.25671864,15.2471256],[3.13503265,2.20335937,15.2471256],[2.25476694,2.20335937,15.2471256],[2.25476718,4.25671864,15.2471256],[3.13503289,4.25671864,15.2471256],
							[2.15476704,2.20335937,15.2471256],[1.27449799,2.20335937,15.2471256],[1.27449811,4.25671864,15.2471256],[2.15476727,4.25671864,15.2471256],[1.17449808,2.20335937,15.2471256],[0.29423064,2.20335937,15.2471256],
							[0.2942307,4.25671864,15.2471256],[1.1744982,4.25671864,15.2471256],[0.194230646,2.20335937,15.2471256],[-0.686038196,2.20335937,15.2471256],[-0.686038256,4.25671864,15.2471256],[0.194230691,4.25671864,
								15.2471256],[-0.78603822,2.20335937,15.2471256],[-1.66630852,2.20335937,15.2471256],[-1.66630864,4.25671864,15.2471256],[-0.78603828,4.25671864,15.2471256],[-1.76630843,2.20335937,15.2471256],
							[-2.64657593,2.20335937,15.2471256],[-2.64657617,4.25671864,15.2471256],[-1.76630855,4.25671864,15.2471256],[-2.74652028,2.20335937,15.2447662],[-3.5456121,2.20335937,15.2070198],[-3.54561257,4.25671864,
								15.2070198],[-2.74652052,4.25671864,15.2447662],[-3.59555697,4.35671902,15.1546602],[-3.59555697,4.35671902,14.1894598],[-3.5955565,6.41007805,14.1894598],[-3.5955565,6.41007805,15.1546602],[-3.59555697,
								4.35671902,14.0894594],[-3.59555721,4.35671902,13.2091875],[-3.59555674,6.41007805,13.2091875],[-3.5955565,6.41007805,14.0894594],[-3.59555721,4.35671902,13.1091871],[-3.59555745,4.35671902,12.2289162],
							[-3.59555697,6.41007805,12.2289162],[-3.59555674,6.41007805,13.1091871],[-3.59555745,4.35671902,12.1289158],[-3.59555721,4.35671902,11.5948496],[-3.59555674,6.41007805,11.5948496],[-3.59555697,6.41007805,
								12.1289158],[-3.54555726,4.35671902,11.5448494],[-3.24920011,4.35671902,11.5448494],[-3.24919987,6.41007805,11.5448494],[-3.54555678,6.41007805,11.5448494],[-3.1492002,4.35671902,11.5448494],[-2.26892734,
								4.35671902,11.5448494],[-2.2689271,6.41007805,11.5448494],[-3.14919996,6.41007805,11.5448494],[-2.16892743,4.35671902,11.5448494],[-1.28865361,4.35671902,11.5448494],[-1.28865349,6.41007805,11.5448494],
							[-2.16892719,6.41007805,11.5448494],[-1.18865371,4.35671902,11.5448494],[-0.308381677,4.35671902,11.5448494],[-0.308381647,6.41007805,11.5448494],[-1.18865359,6.41007805,11.5448494],[-0.208381668,4.35671902,
								11.5448494],[0.671891093,4.35671902,11.5448494],[0.671891034,6.41007805,11.5448494],[-0.208381638,6.41007805,11.5448494],[0.771891117,4.35671902,11.5448494],[1.65216315,4.35671902,11.5448494],
							[1.65216303,6.41007805,11.5448494],[0.771891057,6.41007805,11.5448494],[1.75216305,4.35671902,11.5448494],[2.6324358,4.35671902,11.5448494],[2.63243532,6.41007805,11.5448494],[1.75216293,6.41007805,11.5448494],
							[2.73237562,4.35671902,11.5473032],[3.53383398,4.35671902,11.5866756],[3.5338335,6.41007805,11.5866756],[2.73237514,6.41007805,11.5473032],[3.58384848,4.35671902,11.6391296],[3.58528948,4.35671902,12.6058855],
							[3.585289,6.41007805,12.6058855],[3.583848,6.41007805,11.6391296],[3.5853641,4.35671902,12.7058859],[3.5853641,4.35671902,13.5861578],[3.58536363,6.41007805,13.5861578],[3.58536363,6.41007805,12.7058859],
							[3.5853641,4.35671902,13.6861582],[3.58536386,4.35671902,14.5664291],[3.58536339,6.41007805,14.5664291],[3.58536363,6.41007805,13.6861582],[3.58536386,4.35671902,14.6664295],[3.58536434,4.35671902,15.1971254],
							[3.58536386,6.41007805,15.1971254],[3.58536339,6.41007805,14.6664295],[3.53536439,4.35671902,15.2471256],[3.2350328,4.35671902,15.2471256],[3.23503232,6.41007805,15.2471256],[3.53536391,6.41007805,15.2471256],
							[3.13503289,4.35671902,15.2471256],[2.25476718,4.35671902,15.2471256],[2.25476694,6.41007805,15.2471256],[3.13503242,6.41007805,15.2471256],[2.15476727,4.35671902,15.2471256],[1.27449811,4.35671902,15.2471256],
							[1.27449799,6.41007805,15.2471256],[2.15476704,6.41007805,15.2471256],[1.1744982,4.35671902,15.2471256],[0.2942307,4.35671902,15.2471256],[0.29423067,6.41007805,15.2471256],[1.17449808,6.41007805,15.2471256],
							[0.194230691,4.35671902,15.2471256],[-0.686038256,4.35671902,15.2471256],[-0.686038196,6.41007805,15.2471256],[0.194230661,6.41007805,15.2471256],[-0.78603828,4.35671902,15.2471256],[-1.66630864,4.35671902,
								15.2471256],[-1.6663084,6.41007805,15.2471256],[-0.78603822,6.41007805,15.2471256],[-1.76630855,4.35671902,15.2471256],[-2.64657617,4.35671902,15.2471256],[-2.64657593,6.41007805,15.2471256],[-1.76630831,
								6.41007805,15.2471256],[-2.74652052,4.35671902,15.2447662],[-3.54561257,4.35671902,15.2070198],[-3.5456121,6.41007805,15.2070198],[-2.74652028,6.41007805,15.2447662],[-3.5955565,6.51007843,15.1546602],
							[-3.5955565,6.51007843,14.1894598],[-3.59555721,8.56343746,14.1894598],[-3.59555697,8.56343746,15.1546602],[-3.5955565,6.51007843,14.0894594],[-3.59555674,6.51007843,13.2091875],[-3.59555721,8.56343746,
								13.2091875],[-3.59555721,8.56343746,14.0894594],[-3.59555674,6.51007843,13.1091871],[-3.59555697,6.51007843,12.2289162],[-3.59555721,8.56343746,12.2289162],[-3.59555721,8.56343746,13.1091871],
							[-3.59555697,6.51007843,12.1289158],[-3.59555674,6.51007843,11.5948496],[-3.59555745,8.56343746,11.5948496],[-3.59555721,8.56343746,12.1289158],[-3.54555678,6.51007843,11.5448494],[-3.24919987,6.51007843,
								11.5448494],[-3.24920034,8.56343746,11.5448494],[-3.5455575,8.56343746,11.5448494],[-3.14919996,6.51007843,11.5448494],[-2.2689271,6.51007843,11.5448494],[-2.26892734,8.56343746,11.5448494],[-3.14920044,
								8.56343746,11.5448494],[-2.16892719,6.51007843,11.5448494],[-1.28865349,6.51007843,11.5448494],[-1.28865361,8.56343746,11.5448494],[-2.16892743,8.56343746,11.5448494],[-1.18865359,6.51007843,11.5448494],
							[-0.308381647,6.51007843,11.5448494],[-0.308381677,8.56343746,11.5448494],[-1.18865371,8.56343746,11.5448494],[-0.208381638,6.51007843,11.5448494],[0.671891034,6.51007843,11.5448494],[0.671891093,8.56343746,
								11.5448494],[-0.208381668,8.56343746,11.5448494],[0.771891057,6.51007843,11.5448494],[1.65216303,6.51007843,11.5448494],[1.65216315,8.56343746,11.5448494],[0.771891117,8.56343746,11.5448494],[1.75216293,
								6.51007843,11.5448494],[2.63243532,6.51007843,11.5448494],[2.6324358,8.56343746,11.5448494],[1.75216305,8.56343746,11.5448494],[2.73237514,6.51007843,11.5473032],[3.5338335,6.51007843,11.5866756],
							[3.53383422,8.56343746,11.5866756],[2.73237562,8.56343746,11.5473032],[3.583848,6.51007843,11.6391296],[3.585289,6.51007843,12.6058855],[3.58528972,8.56343746,12.6058855],[3.58384871,8.56343746,11.6391296],
							[3.58536363,6.51007843,12.7058859],[3.58536363,6.51007843,13.5861578],[3.5853641,8.56343746,13.5861578],[3.58536434,8.56343746,12.7058859],[3.58536363,6.51007843,13.6861582],[3.58536339,6.51007843,14.5664291],
							[3.5853641,8.56343746,14.5664291],[3.5853641,8.56343746,13.6861582],[3.58536339,6.51007843,14.6664295],[3.58536386,6.51007843,15.1971254],[3.58536458,8.56343746,15.1971254],[3.5853641,8.56343746,14.6664295],
							[3.53536391,6.51007843,15.2471256],[3.23503232,6.51007843,15.2471256],[3.23503304,8.56343746,15.2471256],[3.53536463,8.56343746,15.2471256],[3.13503242,6.51007843,15.2471256],[2.25476694,6.51007843,15.2471256],
							[2.25476718,8.56343746,15.2471256],[3.13503313,8.56343746,15.2471256],[2.15476704,6.51007843,15.2471256],[1.27449799,6.51007843,15.2471256],[1.27449811,8.56343746,15.2471256],[2.15476727,8.56343746,15.2471256],
							[1.17449808,6.51007843,15.2471256],[0.29423067,6.51007843,15.2471256],[0.29423067,8.56343746,15.2471256],[1.1744982,8.56343746,15.2471256],[0.194230661,6.51007843,15.2471256],[-0.686038196,6.51007843,
								15.2471256],[-0.686038256,8.56343746,15.2471256],[0.194230676,8.56343746,15.2471256],[-0.78603822,6.51007843,15.2471256],[-1.6663084,6.51007843,15.2471256],[-1.66630864,8.56343746,15.2471256],
							[-0.78603828,8.56343746,15.2471256],[-1.76630831,6.51007843,15.2471256],[-2.64657593,6.51007843,15.2471256],[-2.64657617,8.56343746,15.2471256],[-1.76630867,8.56343746,15.2471256],[-2.74652028,6.51007843,
								15.2447662],[-3.5456121,6.51007843,15.2070198],[-3.54561257,8.56343746,15.2070198],[-2.74652052,8.56343746,15.2447662],[-3.59555697,8.66343784,15.1546602],[-3.59555721,8.66343784,14.1894598],[-3.59555674,
								10.7167969,14.1894598],[-3.5955565,10.7167969,15.1546602],[-3.59555721,8.66343784,14.0894594],[-3.59555721,8.66343784,13.2091875],[-3.59555674,10.7167969,13.2091875],[-3.59555674,10.7167969,14.0894594],
							[-3.59555721,8.66343784,13.1091871],[-3.59555721,8.66343784,12.2289162],[-3.59555674,10.7167969,12.2289162],[-3.59555674,10.7167969,13.1091871],[-3.59555721,8.66343784,12.1289158],[-3.59555745,8.66343784,
								11.5948496],[-3.59555674,10.7167969,11.5948496],[-3.59555674,10.7167969,12.1289158],[-3.5455575,8.66343784,11.5448494],[-3.24920034,8.66343784,11.5448494],[-3.24919963,10.7167969,11.5448494],[-3.54555678,
								10.7167969,11.5448494],[-3.14920044,8.66343784,11.5448494],[-2.26892734,8.66343784,11.5448494],[-2.2689271,10.7167969,11.5448494],[-3.14919972,10.7167969,11.5448494],[-2.16892743,8.66343784,11.5448494],
							[-1.28865361,8.66343784,11.5448494],[-1.28865361,10.7167969,11.5448494],[-2.16892719,10.7167969,11.5448494],[-1.18865371,8.66343784,11.5448494],[-0.308381677,8.66343784,11.5448494],[-0.308381677,10.7167969,
								11.5448494],[-1.18865371,10.7167969,11.5448494],[-0.208381668,8.66343784,11.5448494],[0.671891093,8.66343784,11.5448494],[0.671891034,10.7167969,11.5448494],[-0.208381668,10.7167969,11.5448494],
							[0.771891117,8.66343784,11.5448494],[1.65216315,8.66343784,11.5448494],[1.65216303,10.7167969,11.5448494],[0.771891057,10.7167969,11.5448494],[1.75216305,8.66343784,11.5448494],[2.6324358,8.66343784,11.5448494],
							[2.6324358,10.7167969,11.5448494],[1.75216293,10.7167969,11.5448494],[2.73237562,8.66343784,11.5473032],[3.53383422,8.66343784,11.5866756],[3.53383374,10.7167969,11.5866756],[2.73237562,10.7167969,11.5473032],
							[3.58384871,8.66343784,11.6391296],[3.58528972,8.66343784,12.6058855],[3.58528924,10.7167969,12.6058855],[3.58384824,10.7167969,11.6391296],[3.58536434,8.66343784,12.7058859],[3.5853641,8.66343784,13.5861578],
							[3.58536386,10.7167969,13.5861578],[3.58536386,10.7167969,12.7058859],[3.5853641,8.66343784,13.6861582],[3.5853641,8.66343784,14.5664291],[3.58536386,10.7167969,14.5664291],[3.58536386,10.7167969,13.6861582],
							[3.5853641,8.66343784,14.6664295],[3.58536458,8.66343784,15.1971254],[3.5853641,10.7167969,15.1971254],[3.58536386,10.7167969,14.6664295],[3.53536463,8.66343784,15.2471256],[3.23503304,8.66343784,15.2471256],
							[3.23503256,10.7167969,15.2471256],[3.53536415,10.7167969,15.2471256],[3.13503313,8.66343784,15.2471256],[2.25476718,8.66343784,15.2471256],[2.25476694,10.7167969,15.2471256],[3.13503265,10.7167969,15.2471256],
							[2.15476727,8.66343784,15.2471256],[1.27449811,8.66343784,15.2471256],[1.27449799,10.7167969,15.2471256],[2.15476704,10.7167969,15.2471256],[1.1744982,8.66343784,15.2471256],[0.29423067,8.66343784,15.2471256],
							[0.29423067,10.7167969,15.2471256],[1.17449808,10.7167969,15.2471256],[0.194230676,8.66343784,15.2471256],[-0.686038256,8.66343784,15.2471256],[-0.686038256,10.7167969,15.2471256],[0.194230661,10.7167969,
								15.2471256],[-0.78603828,8.66343784,15.2471256],[-1.66630876,8.66343784,15.2471256],[-1.66630864,10.7167969,15.2471256],[-0.78603828,10.7167969,15.2471256],[-1.76630867,8.66343784,15.2471256],
							[-2.64657617,8.66343784,15.2471256],[-2.64657593,10.7167969,15.2471256],[-1.76630855,10.7167969,15.2471256],[-2.74652052,8.66343784,15.2447662],[-3.54561257,8.66343784,15.2070198],[-3.5456121,10.7167969,
								15.2070198],[-2.74652028,10.7167969,15.2447662],[-3.54555655,0.0500000007,15.1546602],[-3.54555678,0.0500000007,14.1894598],[-3.54555678,2.10335946,14.1894598],[-3.54555655,2.10335946,15.1546602],
							[-3.54555678,0.049999997,14.0894594],[-3.54555678,0.049999997,13.2091875],[-3.54555678,2.10335946,13.2091875],[-3.54555678,2.10335946,14.0894594],[-3.54555678,0.0500000007,13.1091871],[-3.54555678,0.0500000007,
								12.2289162],[-3.54555678,2.10335946,12.2289162],[-3.54555678,2.10335946,13.1091871],[-3.54555678,0.0500000045,12.1289158],[-3.54555678,0.0500000045,11.5948496],[-3.54555702,2.10335946,11.5948496],
							[-3.54555678,2.10335946,12.1289158],[-3.54555678,0.0500000007,11.5948496],[-3.24919963,0.0500000007,11.5948496],[-3.24920011,2.10335946,11.5948496],[-3.54555702,2.10335946,11.5948496],[-3.14919972,0.0499999933,
								11.5948496],[-2.2689271,0.049999997,11.5948496],[-2.2689271,2.10335946,11.5948496],[-3.1492002,2.10335946,11.5948496],[-2.16892719,0.0500000007,11.5948496],[-1.28865361,0.0500000007,11.5948496],
							[-1.28865349,2.10335946,11.5948496],[-2.16892719,2.10335946,11.5948496],[-1.18865371,0.0500000007,11.5948496],[-0.308381677,0.0500000007,11.5948496],[-0.308381647,2.10335946,11.5948496],[-1.18865359,2.10335946,
								11.5948496],[-0.208381668,0.0500000007,11.5948496],[0.671891034,0.0500000007,11.5948496],[0.671891034,2.10335946,11.5948496],[-0.208381638,2.10335946,11.5948496],[0.771891057,0.0500000007,11.5948496],
							[1.65216303,0.0500000007,11.5948496],[1.65216303,2.10335946,11.5948496],[0.771891057,2.10335946,11.5948496],[1.75216293,0.0500000007,11.5948496],[2.6324358,0.0500000007,11.5948496],[2.63243532,2.10335946,
								11.5948496],[1.75216293,2.10335946,11.5948496],[2.72992229,0.0500000007,11.5972433],[3.53138041,0.0500000007,11.6366158],[3.53138041,2.10335946,11.6366158],[2.72992182,2.10335946,11.5972433],[3.53384829,
								0.0500000007,11.639204],[3.53528929,0.0500000007,12.6059599],[3.53528929,2.10335946,12.6059599],[3.53384829,2.10335946,11.639204],[3.53536391,0.0499999933,12.7058859],[3.53536391,0.0499999933,
								13.5861578],[3.53536367,2.10335946,13.5861578],[3.53536391,2.10335946,12.7058859],[3.53536391,0.0499999933,13.6861582],[3.53536391,0.0499999933,14.5664291],[3.53536367,2.10335946,14.5664291],[3.53536367,
								2.10335946,13.6861582],[3.53536391,0.049999997,14.6664295],[3.53536415,0.049999997,15.1971254],[3.53536415,2.10335946,15.1971254],[3.53536367,2.10335946,14.6664295],[3.53536415,0.0500000007,15.1971254],
							[3.23503256,0.0500000007,15.1971254],[3.23503256,2.10335946,15.1971254],[3.53536415,2.10335946,15.1971254],[3.13503265,0.0500000007,15.1971254],[2.25476694,0.0500000007,15.1971254],[2.25476694,2.10335946,
								15.1971254],[3.13503265,2.10335946,15.1971254],[2.15476704,0.0500000007,15.1971254],[1.27449799,0.0500000007,15.1971254],[1.27449799,2.10335946,15.1971254],[2.15476704,2.10335946,15.1971254],[1.17449808,
								0.0500000007,15.1971254],[0.29423067,0.0500000007,15.1971254],[0.29423064,2.10335946,15.1971254],[1.17449808,2.10335946,15.1971254],[0.194230661,0.0500000007,15.1971254],[-0.686038256,0.0500000007,
								15.1971254],[-0.686038196,2.10335946,15.1971254],[0.194230646,2.10335946,15.1971254],[-0.78603828,0.0500000007,15.1971254],[-1.66630864,0.0500000007,15.1971254],[-1.66630852,2.10335946,15.1971254],
							[-0.78603822,2.10335946,15.1971254],[-1.76630855,0.0500000007,15.1971254],[-2.64657593,0.0500000007,15.1971254],[-2.64657593,2.10335946,15.1971254],[-1.76630843,2.10335946,15.1971254],[-2.74416113,0.0500000007,
								15.1948223],[-3.54325294,0.0500000007,15.1570759],[-3.54325294,2.10335946,15.1570759],[-2.74416113,2.10335946,15.1948223],[-3.54555655,2.20335937,15.1546602],[-3.54555678,2.20335937,14.1894598],
							[-3.54555702,4.25671864,14.1894598],[-3.54555702,4.25671864,15.1546602],[-3.54555678,2.20335937,14.0894594],[-3.54555678,2.20335937,13.2091875],[-3.54555726,4.25671864,13.2091875],[-3.54555702,4.25671864,
								14.0894594],[-3.54555678,2.20335937,13.1091871],[-3.54555678,2.20335937,12.2289162],[-3.5455575,4.25671864,12.2289162],[-3.54555726,4.25671864,13.1091871],[-3.54555678,2.20335937,12.1289158],[-3.54555702,
								2.20335937,11.5948496],[-3.54555726,4.25671864,11.5948496],[-3.5455575,4.25671864,12.1289158],[-3.54555702,2.20335937,11.5948496],[-3.24920011,2.20335937,11.5948496],[-3.24920011,4.25671864,11.5948496],
							[-3.54555726,4.25671864,11.5948496],[-3.1492002,2.20335937,11.5948496],[-2.2689271,2.20335937,11.5948496],[-2.26892734,4.25671864,11.5948496],[-3.1492002,4.25671864,11.5948496],[-2.16892719,2.20335937,
								11.5948496],[-1.28865349,2.20335937,11.5948496],[-1.28865361,4.25671864,11.5948496],[-2.16892743,4.25671864,11.5948496],[-1.18865359,2.20335937,11.5948496],[-0.308381647,2.20335937,11.5948496],
							[-0.308381677,4.25671864,11.5948496],[-1.18865371,4.25671864,11.5948496],[-0.208381638,2.20335937,11.5948496],[0.671891034,2.20335937,11.5948496],[0.671891093,4.25671864,11.5948496],[-0.208381668,4.25671864,
								11.5948496],[0.771891057,2.20335937,11.5948496],[1.65216303,2.20335937,11.5948496],[1.65216315,4.25671864,11.5948496],[0.771891117,4.25671864,11.5948496],[1.75216293,2.20335937,11.5948496],[2.63243532,
								2.20335937,11.5948496],[2.6324358,4.25671864,11.5948496],[1.75216305,4.25671864,11.5948496],[2.72992182,2.20335937,11.5972433],[3.53138041,2.20335937,11.6366158],[3.53138065,4.25671864,11.6366158],
							[2.72992229,4.25671864,11.5972433],[3.53384829,2.20335937,11.639204],[3.53528929,2.20335937,12.6059599],[3.53528953,4.25671864,12.6059599],[3.53384852,4.25671864,11.639204],[3.53536391,2.20335937,12.7058859],
							[3.53536367,2.20335937,13.5861578],[3.53536415,4.25671864,13.5861578],[3.53536415,4.25671864,12.7058859],[3.53536367,2.20335937,13.6861582],[3.53536367,2.20335937,14.5664291],[3.53536391,4.25671864,14.5664291],
							[3.53536415,4.25671864,13.6861582],[3.53536367,2.20335937,14.6664295],[3.53536415,2.20335937,15.1971254],[3.53536439,4.25671864,15.1971254],[3.53536391,4.25671864,14.6664295],[3.53536415,2.20335937,15.1971254],
							[3.23503256,2.20335937,15.1971254],[3.2350328,4.25671864,15.1971254],[3.53536439,4.25671864,15.1971254],[3.13503265,2.20335937,15.1971254],[2.25476694,2.20335937,15.1971254],[2.25476718,4.25671864,15.1971254],
							[3.13503289,4.25671864,15.1971254],[2.15476704,2.20335937,15.1971254],[1.27449799,2.20335937,15.1971254],[1.27449811,4.25671864,15.1971254],[2.15476727,4.25671864,15.1971254],[1.17449808,2.20335937,15.1971254],
							[0.29423064,2.20335937,15.1971254],[0.2942307,4.25671864,15.1971254],[1.1744982,4.25671864,15.1971254],[0.194230646,2.20335937,15.1971254],[-0.686038196,2.20335937,15.1971254],[-0.686038256,4.25671864,
								15.1971254],[0.194230691,4.25671864,15.1971254],[-0.78603822,2.20335937,15.1971254],[-1.66630852,2.20335937,15.1971254],[-1.66630864,4.25671864,15.1971254],[-0.78603828,4.25671864,15.1971254],
							[-1.76630843,2.20335937,15.1971254],[-2.64657593,2.20335937,15.1971254],[-2.64657617,4.25671864,15.1971254],[-1.76630855,4.25671864,15.1971254],[-2.74416113,2.20335937,15.1948223],[-3.54325294,2.20335937,
								15.1570759],[-3.54325342,4.25671864,15.1570759],[-2.74416137,4.25671864,15.1948223],[-3.54555702,4.35671902,15.1546602],[-3.54555702,4.35671902,14.1894598],[-3.54555655,6.41007805,14.1894598],
							[-3.54555655,6.41007805,15.1546602],[-3.54555702,4.35671902,14.0894594],[-3.54555726,4.35671902,13.2091875],[-3.54555678,6.41007805,13.2091875],[-3.54555655,6.41007805,14.0894594],[-3.54555726,4.35671902,
								13.1091871],[-3.5455575,4.35671902,12.2289162],[-3.54555702,6.41007805,12.2289162],[-3.54555678,6.41007805,13.1091871],[-3.5455575,4.35671902,12.1289158],[-3.54555726,4.35671902,11.5948496],[-3.54555678,
								6.41007805,11.5948496],[-3.54555702,6.41007805,12.1289158],[-3.54555726,4.35671902,11.5948496],[-3.24920011,4.35671902,11.5948496],[-3.24919987,6.41007805,11.5948496],[-3.54555678,6.41007805,11.5948496],
							[-3.1492002,4.35671902,11.5948496],[-2.26892734,4.35671902,11.5948496],[-2.2689271,6.41007805,11.5948496],[-3.14919996,6.41007805,11.5948496],[-2.16892743,4.35671902,11.5948496],[-1.28865361,4.35671902,
								11.5948496],[-1.28865349,6.41007805,11.5948496],[-2.16892719,6.41007805,11.5948496],[-1.18865371,4.35671902,11.5948496],[-0.308381677,4.35671902,11.5948496],[-0.308381647,6.41007805,11.5948496],
							[-1.18865359,6.41007805,11.5948496],[-0.208381668,4.35671902,11.5948496],[0.671891093,4.35671902,11.5948496],[0.671891034,6.41007805,11.5948496],[-0.208381638,6.41007805,11.5948496],[0.771891117,4.35671902,
								11.5948496],[1.65216315,4.35671902,11.5948496],[1.65216303,6.41007805,11.5948496],[0.771891057,6.41007805,11.5948496],[1.75216305,4.35671902,11.5948496],[2.6324358,4.35671902,11.5948496],[2.63243532,
								6.41007805,11.5948496],[1.75216293,6.41007805,11.5948496],[2.72992229,4.35671902,11.5972433],[3.53138065,4.35671902,11.6366158],[3.53138018,6.41007805,11.6366158],[2.72992182,6.41007805,11.5972433],
							[3.53384852,4.35671902,11.639204],[3.53528953,4.35671902,12.6059599],[3.53528905,6.41007805,12.6059599],[3.53384805,6.41007805,11.639204],[3.53536415,4.35671902,12.7058859],[3.53536415,4.35671902,13.5861578],
							[3.53536367,6.41007805,13.5861578],[3.53536367,6.41007805,12.7058859],[3.53536415,4.35671902,13.6861582],[3.53536391,4.35671902,14.5664291],[3.53536344,6.41007805,14.5664291],[3.53536367,6.41007805,13.6861582],
							[3.53536391,4.35671902,14.6664295],[3.53536439,4.35671902,15.1971254],[3.53536391,6.41007805,15.1971254],[3.53536344,6.41007805,14.6664295],[3.53536439,4.35671902,15.1971254],[3.2350328,4.35671902,15.1971254],
							[3.23503232,6.41007805,15.1971254],[3.53536391,6.41007805,15.1971254],[3.13503289,4.35671902,15.1971254],[2.25476718,4.35671902,15.1971254],[2.25476694,6.41007805,15.1971254],[3.13503242,6.41007805,15.1971254],
							[2.15476727,4.35671902,15.1971254],[1.27449811,4.35671902,15.1971254],[1.27449799,6.41007805,15.1971254],[2.15476704,6.41007805,15.1971254],[1.1744982,4.35671902,15.1971254],[0.2942307,4.35671902,15.1971254],
							[0.29423067,6.41007805,15.1971254],[1.17449808,6.41007805,15.1971254],[0.194230691,4.35671902,15.1971254],[-0.686038256,4.35671902,15.1971254],[-0.686038196,6.41007805,15.1971254],[0.194230661,6.41007805,
								15.1971254],[-0.78603828,4.35671902,15.1971254],[-1.66630864,4.35671902,15.1971254],[-1.6663084,6.41007805,15.1971254],[-0.78603822,6.41007805,15.1971254],[-1.76630855,4.35671902,15.1971254],[-2.64657617,
								4.35671902,15.1971254],[-2.64657593,6.41007805,15.1971254],[-1.76630831,6.41007805,15.1971254],[-2.74416137,4.35671902,15.1948223],[-3.54325342,4.35671902,15.1570759],[-3.54325294,6.41007805,15.1570759],
							[-2.74416113,6.41007805,15.1948223],[-3.54555655,6.51007843,15.1546602],[-3.54555655,6.51007843,14.1894598],[-3.54555726,8.56343746,14.1894598],[-3.54555702,8.56343746,15.1546602],[-3.54555655,6.51007843,
								14.0894594],[-3.54555678,6.51007843,13.2091875],[-3.54555726,8.56343746,13.2091875],[-3.54555726,8.56343746,14.0894594],[-3.54555678,6.51007843,13.1091871],[-3.54555702,6.51007843,12.2289162],
							[-3.54555726,8.56343746,12.2289162],[-3.54555726,8.56343746,13.1091871],[-3.54555702,6.51007843,12.1289158],[-3.54555678,6.51007843,11.5948496],[-3.5455575,8.56343746,11.5948496],[-3.54555726,8.56343746,
								12.1289158],[-3.54555678,6.51007843,11.5948496],[-3.24919987,6.51007843,11.5948496],[-3.24920034,8.56343746,11.5948496],[-3.5455575,8.56343746,11.5948496],[-3.14919996,6.51007843,11.5948496],[-2.2689271,
								6.51007843,11.5948496],[-2.26892734,8.56343746,11.5948496],[-3.14920044,8.56343746,11.5948496],[-2.16892719,6.51007843,11.5948496],[-1.28865349,6.51007843,11.5948496],[-1.28865361,8.56343746,11.5948496],
							[-2.16892743,8.56343746,11.5948496],[-1.18865359,6.51007843,11.5948496],[-0.308381647,6.51007843,11.5948496],[-0.308381677,8.56343746,11.5948496],[-1.18865371,8.56343746,11.5948496],[-0.208381638,6.51007843,
								11.5948496],[0.671891034,6.51007843,11.5948496],[0.671891093,8.56343746,11.5948496],[-0.208381668,8.56343746,11.5948496],[0.771891057,6.51007843,11.5948496],[1.65216303,6.51007843,11.5948496],
							[1.65216315,8.56343746,11.5948496],[0.771891117,8.56343746,11.5948496],[1.75216293,6.51007843,11.5948496],[2.63243532,6.51007843,11.5948496],[2.6324358,8.56343746,11.5948496],[1.75216305,8.56343746,11.5948496],
							[2.72992182,6.51007843,11.5972433],[3.53138018,6.51007843,11.6366158],[3.53138089,8.56343746,11.6366158],[2.72992229,8.56343746,11.5972433],[3.53384805,6.51007843,11.639204],[3.53528905,6.51007843,12.6059599],
							[3.53528976,8.56343746,12.6059599],[3.53384876,8.56343746,11.639204],[3.53536367,6.51007843,12.7058859],[3.53536367,6.51007843,13.5861578],[3.53536415,8.56343746,13.5861578],[3.53536439,8.56343746,12.7058859],
							[3.53536367,6.51007843,13.6861582],[3.53536344,6.51007843,14.5664291],[3.53536415,8.56343746,14.5664291],[3.53536415,8.56343746,13.6861582],[3.53536344,6.51007843,14.6664295],[3.53536391,6.51007843,15.1971254],
							[3.53536463,8.56343746,15.1971254],[3.53536415,8.56343746,14.6664295],[3.53536391,6.51007843,15.1971254],[3.23503232,6.51007843,15.1971254],[3.23503304,8.56343746,15.1971254],[3.53536463,8.56343746,15.1971254],
							[3.13503242,6.51007843,15.1971254],[2.25476694,6.51007843,15.1971254],[2.25476718,8.56343746,15.1971254],[3.13503313,8.56343746,15.1971254],[2.15476704,6.51007843,15.1971254],[1.27449799,6.51007843,15.1971254],
							[1.27449811,8.56343746,15.1971254],[2.15476727,8.56343746,15.1971254],[1.17449808,6.51007843,15.1971254],[0.29423067,6.51007843,15.1971254],[0.29423067,8.56343746,15.1971254],[1.1744982,8.56343746,15.1971254],
							[0.194230661,6.51007843,15.1971254],[-0.686038196,6.51007843,15.1971254],[-0.686038256,8.56343746,15.1971254],[0.194230676,8.56343746,15.1971254],[-0.78603822,6.51007843,15.1971254],[-1.6663084,6.51007843,
								15.1971254],[-1.66630864,8.56343746,15.1971254],[-0.78603828,8.56343746,15.1971254],[-1.76630831,6.51007843,15.1971254],[-2.64657593,6.51007843,15.1971254],[-2.64657617,8.56343746,15.1971254],
							[-1.76630867,8.56343746,15.1971254],[-2.74416113,6.51007843,15.1948223],[-3.54325294,6.51007843,15.1570759],[-3.54325342,8.56343746,15.1570759],[-2.74416137,8.56343746,15.1948223],[-3.54555702,8.66343784,
								15.1546602],[-3.54555726,8.66343784,14.1894598],[-3.54555678,10.7167969,14.1894598],[-3.54555655,10.7167969,15.1546602],[-3.54555726,8.66343784,14.0894594],[-3.54555726,8.66343784,13.2091875],
							[-3.54555678,10.7167969,13.2091875],[-3.54555678,10.7167969,14.0894594],[-3.54555726,8.66343784,13.1091871],[-3.54555726,8.66343784,12.2289162],[-3.54555678,10.7167969,12.2289162],[-3.54555678,10.7167969,
								13.1091871],[-3.54555726,8.66343784,12.1289158],[-3.5455575,8.66343784,11.5948496],[-3.54555678,10.7167969,11.5948496],[-3.54555678,10.7167969,12.1289158],[-3.5455575,8.66343784,11.5948496],[-3.24920034,
								8.66343784,11.5948496],[-3.24919963,10.7167969,11.5948496],[-3.54555678,10.7167969,11.5948496],[-3.14920044,8.66343784,11.5948496],[-2.26892734,8.66343784,11.5948496],[-2.2689271,10.7167969,11.5948496],
							[-3.14919972,10.7167969,11.5948496],[-2.16892743,8.66343784,11.5948496],[-1.28865361,8.66343784,11.5948496],[-1.28865361,10.7167969,11.5948496],[-2.16892719,10.7167969,11.5948496],[-1.18865371,8.66343784,
								11.5948496],[-0.308381677,8.66343784,11.5948496],[-0.308381677,10.7167969,11.5948496],[-1.18865371,10.7167969,11.5948496],[-0.208381668,8.66343784,11.5948496],[0.671891093,8.66343784,11.5948496],
							[0.671891034,10.7167969,11.5948496],[-0.208381668,10.7167969,11.5948496],[0.771891117,8.66343784,11.5948496],[1.65216315,8.66343784,11.5948496],[1.65216303,10.7167969,11.5948496],[0.771891057,10.7167969,
								11.5948496],[1.75216305,8.66343784,11.5948496],[2.6324358,8.66343784,11.5948496],[2.6324358,10.7167969,11.5948496],[1.75216293,10.7167969,11.5948496],[2.72992229,8.66343784,11.5972433],[3.53138089,
								8.66343784,11.6366158],[3.53138041,10.7167969,11.6366158],[2.72992229,10.7167969,11.5972433],[3.53384876,8.66343784,11.639204],[3.53528976,8.66343784,12.6059599],[3.53528929,10.7167969,12.6059599],
							[3.53384829,10.7167969,11.639204],[3.53536439,8.66343784,12.7058859],[3.53536415,8.66343784,13.5861578],[3.53536391,10.7167969,13.5861578],[3.53536391,10.7167969,12.7058859],[3.53536415,8.66343784,13.6861582],
							[3.53536415,8.66343784,14.5664291],[3.53536391,10.7167969,14.5664291],[3.53536391,10.7167969,13.6861582],[3.53536415,8.66343784,14.6664295],[3.53536463,8.66343784,15.1971254],[3.53536415,10.7167969,15.1971254],
							[3.53536391,10.7167969,14.6664295],[3.53536463,8.66343784,15.1971254],[3.23503304,8.66343784,15.1971254],[3.23503256,10.7167969,15.1971254],[3.53536415,10.7167969,15.1971254],[3.13503313,8.66343784,15.1971254],
							[2.25476718,8.66343784,15.1971254],[2.25476694,10.7167969,15.1971254],[3.13503265,10.7167969,15.1971254],[2.15476727,8.66343784,15.1971254],[1.27449811,8.66343784,15.1971254],[1.27449799,10.7167969,15.1971254],
							[2.15476704,10.7167969,15.1971254],[1.1744982,8.66343784,15.1971254],[0.29423067,8.66343784,15.1971254],[0.29423067,10.7167969,15.1971254],[1.17449808,10.7167969,15.1971254],[0.194230676,8.66343784,15.1971254],
							[-0.686038256,8.66343784,15.1971254],[-0.686038256,10.7167969,15.1971254],[0.194230661,10.7167969,15.1971254],[-0.78603828,8.66343784,15.1971254],[-1.66630876,8.66343784,15.1971254],[-1.66630864,10.7167969,
								15.1971254],[-0.78603828,10.7167969,15.1971254],[-1.76630867,8.66343784,15.1971254],[-2.64657617,8.66343784,15.1971254],[-2.64657593,10.7167969,15.1971254],[-1.76630855,10.7167969,15.1971254],
							[-2.74416137,8.66343784,15.1948223],[-3.54325342,8.66343784,15.1570759],[-3.54325294,10.7167969,15.1570759],[-2.74416113,10.7167969,15.1948223],[-3.5955565,11.2667971,15.2046604],[-3.59555674,11.2667971,
								14.1394596],[-3.59555674,11.2667971,13.1591873],[-3.59555674,11.2667971,12.178916],[-3.59555674,11.2667971,11.5448494],[-3.19919968,11.2667971,11.5448494],[-2.21892715,11.2667971,11.5448494],[-1.23865366,
								11.2667971,11.5448494],[-0.258381665,11.2667971,11.5448494],[0.721891046,11.2667971,11.5448494],[1.70216298,11.2667971,11.5448494],[2.68243575,11.2667971,11.5448494],[3.58377361,11.2667971,11.5891294],
							[3.58536386,11.2667971,12.6558857],[3.58536386,11.2667971,13.636158],[3.58536386,11.2667971,14.6164293],[3.5853641,11.2667971,15.2471256],[3.18503261,11.2667971,15.2471256],[2.20476699,11.2667971,15.2471256],
							[1.22449803,11.2667971,15.2471256],[0.244230658,11.2667971,15.2471256],[-0.736038268,11.2667971,15.2471256],[-1.71630859,11.2667971,15.2471256],[-2.69657588,11.2667971,15.2471256],[-3.29555655,11.2667971,
								14.9184971],[-3.29555678,11.2667971,14.1394596],[-3.29555678,11.2667971,13.1591873],[-3.29555678,11.2667971,12.178916],[-3.29555678,11.2667971,11.8448496],[-3.19919968,11.2667971,11.8448496],[-2.21892715,
								11.2667971,11.8448496],[-1.23865366,11.2667971,11.8448496],[-0.258381665,11.2667971,11.8448496],[0.721891046,11.2667971,11.8448496],[1.70216298,11.2667971,11.8448496],[2.67507124,11.2667971,11.8448496],
							[3.284199,11.2667971,11.874774],[3.28536391,11.2667971,12.6561089],[3.28536391,11.2667971,13.636158],[3.28536391,11.2667971,14.6164293],[3.28536391,11.2667971,14.9471254],[3.18503261,11.2667971,14.9471254],
							[2.20476699,11.2667971,14.9471254],[1.22449803,11.2667971,14.9471254],[0.244230658,11.2667971,14.9471254],[-0.736038268,11.2667971,14.9471254],[-1.71630859,11.2667971,14.9471254],[-2.68949437,11.2667971,
								14.9471254],[-3.29555655,11.0167971,14.9184971],[-3.29555678,11.0167971,14.1394596],[-3.29555678,11.0167971,13.1591873],[-3.29555678,11.0167971,12.178916],[-3.29555678,11.0167971,11.8448496],[-3.19919968,
								11.0167971,11.8448496],[-2.21892715,11.0167971,11.8448496],[-1.23865366,11.0167971,11.8448496],[-0.258381665,11.0167971,11.8448496],[0.721891046,11.0167971,11.8448496],[1.70216298,11.0167971,11.8448496],
							[2.67507124,11.0167971,11.8448496],[3.284199,11.0167971,11.874774],[3.28536391,11.0167971,12.6561089],[3.28536391,11.0167971,13.636158],[3.28536391,11.0167971,14.6164293],[3.28536391,11.0167971,14.9471254],
							[3.18503261,11.0167971,14.9471254],[2.20476699,11.0167971,14.9471254],[1.22449803,11.0167971,14.9471254],[0.244230658,11.0167971,14.9471254],[-0.736038268,11.0167971,14.9471254],[-1.71630859,11.0167971,
								14.9471254],[-2.68949437,11.0167971,14.9471254]
						]
					]
				]
			],
			[
				[
					"scope","public",
					"type","numeric",
					"name","Cd",
					"options",{
						"type":{
							"type":"string",
							"value":"color"
						}
					}
				],
				[
					"size",3,
					"storage","fpreal32",
					"defaults",[
						"size",1,
						"storage","fpreal64",
						"values",[1]
					],
					"values",[
						"size",3,
						"storage","fpreal32",
						"tuples",[[1,1,1],[1,1,1],[1,1,1],[1,1,1],[1,1,1],[1,1,1],[1,1,1],[1,1,1],[1,1,1],[1,1,1],[1,1,1],[1,1,1],[1,1,1],[1,1,1],[1,1,1],[1,1,1],[1,1,1],[1,1,1],[1,1,1],[1,1,1],[1,1,1],[1,1,1],[1,1,1],[1,1,1],[1,1,1],
							[1,1,1],[1,1,1],[1,1,1],[1,1,1],[1,1,1],[1,1,1],[1,1,1],[1,1,1],[1,1,1],[1,1,1],[1,1,1],[1,1,1],[1,1,1],[1,1,1],[1,1,1],[1,1,1],[1,1,1],[1,1,1],[1,1,1],[1,1,1],[1,1,1],[1,1,1],[1,1,1],[1,1,1],[1,1,1],
							[1,1,1],[1,1,1],[1,1,1],[1,1,1],[1,1,1],[1,1,1],[1,1,1],[1,1,1],[1,1,1],[1,1,1],[1,1,1],[1,1,1],[1,1,1],[1,1,1],[1,1,1],[1,1,1],[1,1,1],[1,1,1],[1,1,1],[1,1,1],[1,1,1],[1,1,1],[1,1,1],[1,1,1],[1,1,1],
							[1,1,1],[1,1,1],[1,1,1],[1,1,1],[1,1,1],[1,1,1],[1,1,1],[1,1,1],[1,1,1],[1,1,1],[1,1,1],[1,1,1],[1,1,1],[1,1,1],[1,1,1],[1,1,1],[1,1,1],[1,1,1],[1,1,1],[1,1,1],[1,1,1],[1,1,1],[1,1,1],[1,1,1],[1,1,1],
							[1,1,1],[1,1,1],[1,1,1],[1,1,1],[1,1,1],[1,1,1],[1,1,1],[1,1,1],[1,1,1],[1,1,1],[1,1,1],[1,1,1],[1,1,1],[1,1,1],[1,1,1],[1,1,1],[1,1,1],[1,1,1],[1,1,1],[1,1,1],[1,1,1],[1,1,1],[1,1,1],[1,1,1],[1,1,1],
							[1,1,1],[1,1,1],[1,1,1],[1,1,1],[1,1,1],[1,1,1],[1,1,1],[1,1,1],[1,1,1],[1,1,1],[1,1,1],[1,1,1],[1,1,1],[1,1,1],[1,1,1],[1,1,1],[1,1,1],[1,1,1],[1,1,1],[1,1,1],[1,1,1],[1,1,1],[1,1,1],[1,1,1],[1,1,1],
							[1,1,1],[1,1,1],[1,1,1],[1,1,1],[1,1,1],[1,1,1],[1,1,1],[1,1,1],[1,1,1],[1,1,1],[1,1,1],[1,1,1],[1,1,1],[1,1,1],[1,1,1],[1,1,1],[1,1,1],[1,1,1],[1,1,1],[1,1,1],[1,1,1],[1,1,1],[1,1,1],[1,1,1],[1,1,1],
							[1,1,1],[1,1,1],[1,1,1],[1,1,1],[1,1,1],[1,1,1],[1,1,1],[1,1,1],[1,1,1],[1,1,1],[1,1,1],[1,1,1],[1,1,1],[1,1,1],[1,1,1],[1,1,1],[1,1,1],[1,1,1],[1,1,1],[1,1,1],[1,1,1],[1,1,1],[1,1,1],[1,1,1],[1,1,1],
							[1,1,1],[1,1,1],[1,1,1],[1,1,1],[1,1,1],[1,1,1],[1,1,1],[1,1,1],[1,1,1],[1,1,1],[1,1,1],[1,1,1],[1,1,1],[1,1,1],[1,1,1],[1,1,1],[1,1,1],[1,1,1],[1,1,1],[1,1,1],[1,1,1],[1,1,1],[1,1,1],[1,1,1],[1,1,1],
							[1,1,1],[1,1,1],[1,1,1],[1,1,1],[1,1,1],[1,1,1],[1,1,1],[1,1,1],[1,1,1],[1,1,1],[1,1,1],[1,1,1],[1,1,1],[1,1,1],[1,1,1],[1,1,1],[1,1,1],[1,1,1],[1,1,1],[1,1,1],[1,1,1],[1,1,1],[1,1,1],[1,1,1],[1,1,1],
							[1,1,1],[1,1,1],[1,1,1],[1,1,1],[1,1,1],[1,1,1],[1,1,1],[1,1,1],[1,1,1],[1,1,1],[1,1,1],[1,1,1],[1,1,1],[1,1,1],[1,1,1],[1,1,1],[1,1,1],[1,1,1],[1,1,1],[1,1,1],[1,1,1],[1,1,1],[1,1,1],[1,1,1],[1,1,1],
							[1,1,1],[1,1,1],[1,1,1],[1,1,1],[1,1,1],[1,1,1],[1,1,1],[1,1,1],[1,1,1],[1,1,1],[1,1,1],[1,1,1],[1,1,1],[1,1,1],[1,1,1],[1,1,1],[1,1,1],[1,1,1],[1,1,1],[1,1,1],[1,1,1],[1,1,1],[1,1,1],[1,1,1],[1,1,1],
							[1,1,1],[1,1,1],[1,1,1],[1,1,1],[1,1,1],[1,1,1],[1,1,1],[1,1,1],[1,1,1],[1,1,1],[1,1,1],[1,1,1],[1,1,1],[1,1,1],[1,1,1],[1,1,1],[1,1,1],[1,1,1],[1,1,1],[1,1,1],[1,1,1],[1,1,1],[1,1,1],[1,1,1],[1,1,1],
							[1,1,1],[1,1,1],[1,1,1],[1,1,1],[1,1,1],[1,1,1],[1,1,1],[1,1,1],[1,1,1],[1,1,1],[1,1,1],[1,1,1],[1,1,1],[1,1,1],[1,1,1],[1,1,1],[1,1,1],[1,1,1],[1,1,1],[1,1,1],[1,1,1],[1,1,1],[1,1,1],[1,1,1],[1,1,1],
							[1,1,1],[1,1,1],[1,1,1],[1,1,1],[1,1,1],[1,1,1],[1,1,1],[1,1,1],[1,1,1],[1,1,1],[1,1,1],[1,1,1],[1,1,1],[1,1,1],[1,1,1],[1,1,1],[1,1,1],[1,1,1],[1,1,1],[1,1,1],[1,1,1],[1,1,1],[1,1,1],[1,1,1],[1,1,1],
							[1,1,1],[1,1,1],[1,1,1],[1,1,1],[1,1,1],[1,1,1],[1,1,1],[1,1,1],[1,1,1],[1,1,1],[1,1,1],[1,1,1],[1,1,1],[1,1,1],[1,1,1],[1,1,1],[1,1,1],[1,1,1],[1,1,1],[1,1,1],[1,1,1],[1,1,1],[1,1,1],[1,1,1],[1,1,1],
							[1,1,1],[1,1,1],[1,1,1],[1,1,1],[1,1,1],[1,1,1],[1,1,1],[1,1,1],[1,1,1],[1,1,1],[1,1,1],[1,1,1],[1,1,1],[1,1,1],[1,1,1],[1,1,1],[1,1,1],[1,1,1],[1,1,1],[1,1,1],[1,1,1],[1,1,1],[1,1,1],[1,1,1],[1,1,1],
							[1,1,1],[1,1,1],[1,1,1],[1,1,1],[1,1,1],[1,1,1],[1,1,1],[1,1,1],[1,1,1],[1,1,1],[1,1,1],[1,1,1],[1,1,1],[1,1,1],[1,1,1],[1,1,1],[1,1,1],[1,1,1],[1,1,1],[1,1,1],[1,1,1],[1,1,1],[1,1,1],[1,1,1],[1,1,1],
							[1,1,1],[1,1,1],[1,1,1],[1,1,1],[1,1,1],[1,1,1],[1,1,1],[1,1,1],[1,1,1],[1,1,1],[1,1,1],[1,1,1],[1,1,1],[1,1,1],[1,1,1],[1,1,1],[1,1,1],[1,1,1],[1,1,1],[1,1,1],[1,1,1],[1,1,1],[1,1,1],[1,1,1],[1,1,1],
							[1,1,1],[1,1,1],[1,1,1],[1,1,1],[1,1,1],[1,1,1],[1,1,1],[1,1,1],[1,1,1],[1,1,1],[1,1,1],[1,1,1],[1,1,1],[1,1,1],[1,1,1],[1,1,1],[1,1,1],[1,1,1],[1,1,1],[1,1,1],[1,1,1],[1,1,1],[1,1,1],[1,1,1],[1,1,1],
							[1,1,1],[1,1,1],[1,1,1],[1,1,1],[1,1,1],[1,1,1],[1,1,1],[1,1,1],[1,1,1],[1,1,1],[1,1,1],[1,1,1],[1,1,1],[1,1,1],[1,1,1],[1,1,1],[1,1,1],[1,1,1],[1,1,1],[1,1,1],[1,1,1],[1,1,1],[1,1,1],[1,1,1],[1,1,1],
							[1,1,1],[1,1,1],[1,1,1],[1,1,1],[1,1,1],[1,1,1],[1,1,1],[1,1,1],[1,1,1],[1,1,1],[1,1,1],[1,1,1],[1,1,1],[1,1,1],[1,1,1],[1,1,1],[1,1,1],[1,1,1],[1,1,1],[1,1,1],[1,1,1],[1,1,1],[1,1,1],[1,1,1],[1,1,1],
							[1,1,1],[1,1,1],[1,1,1],[1,1,1],[1,1,1],[1,1,1],[1,1,1],[1,1,1],[1,1,1],[1,1,1],[1,1,1],[1,1,1],[1,1,1],[1,1,1],[1,1,1],[1,1,1],[1,1,1],[1,1,1],[1,1,1],[1,1,1],[1,1,1],[1,1,1],[1,1,1],[1,1,1],[1,1,1],
							[1,1,1],[1,1,1],[1,1,1],[1,1,1],[1,1,1],[1,1,1],[1,1,1],[1,1,1],[1,1,1],[1,1,1],[1,1,1],[1,1,1],[1,1,1],[1,1,1],[1,1,1],[1,1,1],[1,1,1],[1,1,1],[1,1,1],[1,1,1],[1,1,1],[1,1,1],[1,1,1],[1,1,1],[1,1,1],
							[1,1,1],[1,1,1],[1,1,1],[1,1,1],[1,1,1],[1,1,1],[1,1,1],[1,1,1],[1,1,1],[1,1,1],[1,1,1],[1,1,1],[1,1,1],[1,1,1],[1,1,1],[1,1,1],[1,1,1],[1,1,1],[1,1,1],[1,1,1],[1,1,1],[1,1,1],[1,1,1],[1,1,1],[0.0250000004,
								0.0250000004,0.0250000004],[0.0250000004,0.0250000004,0.0250000004],[0.0250000004,0.0250000004,0.0250000004],[0.0250000004,0.0250000004,0.0250000004],[0.0250000004,0.0250000004,0.0250000004],[0.0250000004,
								0.0250000004,0.0250000004],[0.0250000004,0.0250000004,0.0250000004],[0.0250000004,0.0250000004,0.0250000004],[0.0250000004,0.0250000004,0.0250000004],[0.0250000004,0.0250000004,0.0250000004],[0.0250000004,
								0.0250000004,0.0250000004],[0.0250000004,0.0250000004,0.0250000004],[0.0250000004,0.0250000004,0.0250000004],[0.0250000004,0.0250000004,0.0250000004],[0.0250000004,0.0250000004,0.0250000004],[0.0250000004,
								0.0250000004,0.0250000004],[0.0250000004,0.0250000004,0.0250000004],[0.0250000004,0.0250000004,0.0250000004],[0.0250000004,0.0250000004,0.0250000004],[0.0250000004,0.0250000004,0.0250000004],[0.0250000004,
								0.0250000004,0.0250000004],[0.0250000004,0.0250000004,0.0250000004],[0.0250000004,0.0250000004,0.0250000004],[0.0250000004,0.0250000004,0.0250000004],[0.0250000004,0.0250000004,0.0250000004],[0.0250000004,
								0.0250000004,0.0250000004],[0.0250000004,0.0250000004,0.0250000004],[0.0250000004,0.0250000004,0.0250000004],[0.0250000004,0.0250000004,0.0250000004],[0.0250000004,0.0250000004,0.0250000004],[0.0250000004,
								0.0250000004,0.0250000004],[0.0250000004,0.0250000004,0.0250000004],[0.0250000004,0.0250000004,0.0250000004],[0.0250000004,0.0250000004,0.0250000004],[0.0250000004,0.0250000004,0.0250000004],[0.0250000004,
								0.0250000004,0.0250000004],[0.0250000004,0.0250000004,0.0250000004],[0.0250000004,0.0250000004,0.0250000004],[0.0250000004,0.0250000004,0.0250000004],[0.0250000004,0.0250000004,0.0250000004],[0.0250000004,
								0.0250000004,0.0250000004],[0.0250000004,0.0250000004,0.0250000004],[0.0250000004,0.0250000004,0.0250000004],[0.0250000004,0.0250000004,0.0250000004],[0.0250000004,0.0250000004,0.0250000004],[0.0250000004,
								0.0250000004,0.0250000004],[0.0250000004,0.0250000004,0.0250000004],[0.0250000004,0.0250000004,0.0250000004],[0.0250000004,0.0250000004,0.0250000004],[0.0250000004,0.0250000004,0.0250000004],[0.0250000004,
								0.0250000004,0.0250000004],[0.0250000004,0.0250000004,0.0250000004],[0.0250000004,0.0250000004,0.0250000004],[0.0250000004,0.0250000004,0.0250000004],[0.0250000004,0.0250000004,0.0250000004],[0.0250000004,
								0.0250000004,0.0250000004],[0.0250000004,0.0250000004,0.0250000004],[0.0250000004,0.0250000004,0.0250000004],[0.0250000004,0.0250000004,0.0250000004],[0.0250000004,0.0250000004,0.0250000004],[0.0250000004,
								0.0250000004,0.0250000004],[0.0250000004,0.0250000004,0.0250000004],[0.0250000004,0.0250000004,0.0250000004],[0.0250000004,0.0250000004,0.0250000004],[0.0250000004,0.0250000004,0.0250000004],[0.0250000004,
								0.0250000004,0.0250000004],[0.0250000004,0.0250000004,0.0250000004],[0.0250000004,0.0250000004,0.0250000004],[0.0250000004,0.0250000004,0.0250000004],[0.0250000004,0.0250000004,0.0250000004],[0.0250000004,
								0.0250000004,0.0250000004],[0.0250000004,0.0250000004,0.0250000004],[0.0250000004,0.0250000004,0.0250000004],[0.0250000004,0.0250000004,0.0250000004],[0.0250000004,0.0250000004,0.0250000004],[0.0250000004,
								0.0250000004,0.0250000004],[0.0250000004,0.0250000004,0.0250000004],[0.0250000004,0.0250000004,0.0250000004],[0.0250000004,0.0250000004,0.0250000004],[0.0250000004,0.0250000004,0.0250000004],[0.0250000004,
								0.0250000004,0.0250000004],[0.0250000004,0.0250000004,0.0250000004],[0.0250000004,0.0250000004,0.0250000004],[0.0250000004,0.0250000004,0.0250000004],[0.0250000004,0.0250000004,0.0250000004],[0.0250000004,
								0.0250000004,0.0250000004],[0.0250000004,0.0250000004,0.0250000004],[0.0250000004,0.0250000004,0.0250000004],[0.0250000004,0.0250000004,0.0250000004],[0.0250000004,0.0250000004,0.0250000004],[0.0250000004,
								0.0250000004,0.0250000004],[0.0250000004,0.0250000004,0.0250000004],[0.0250000004,0.0250000004,0.0250000004],[0.0250000004,0.0250000004,0.0250000004],[0.0250000004,0.0250000004,0.0250000004],[0.0250000004,
								0.0250000004,0.0250000004],[0.0250000004,0.0250000004,0.0250000004],[0.0250000004,0.0250000004,0.0250000004],[0.0250000004,0.0250000004,0.0250000004],[0.0250000004,0.0250000004,0.0250000004],[0.0250000004,
								0.0250000004,0.0250000004],[0.0250000004,0.0250000004,0.0250000004],[0.0250000004,0.0250000004,0.0250000004],[0.0250000004,0.0250000004,0.0250000004],[0.0250000004,0.0250000004,0.0250000004],[0.0250000004,
								0.0250000004,0.0250000004],[0.0250000004,0.0250000004,0.0250000004],[0.0250000004,0.0250000004,0.0250000004],[0.0250000004,0.0250000004,0.0250000004],[0.0250000004,0.0250000004,0.0250000004],[0.0250000004,
								0.0250000004,0.0250000004],[0.0250000004,0.0250000004,0.0250000004],[0.0250000004,0.0250000004,0.0250000004],[0.0250000004,0.0250000004,0.0250000004],[0.0250000004,0.0250000004,0.0250000004],[0.0250000004,
								0.0250000004,0.0250000004],[0.0250000004,0.0250000004,0.0250000004],[0.0250000004,0.0250000004,0.0250000004],[0.0250000004,0.0250000004,0.0250000004],[0.0250000004,0.0250000004,0.0250000004],[0.0250000004,
								0.0250000004,0.0250000004],[0.0250000004,0.0250000004,0.0250000004],[0.0250000004,0.0250000004,0.0250000004],[0.0250000004,0.0250000004,0.0250000004],[0.0250000004,0.0250000004,0.0250000004],[0.0250000004,
								0.0250000004,0.0250000004],[0.0250000004,0.0250000004,0.0250000004],[0.0250000004,0.0250000004,0.0250000004],[0.0250000004,0.0250000004,0.0250000004],[0.0250000004,0.0250000004,0.0250000004],[0.0250000004,
								0.0250000004,0.0250000004],[0.0250000004,0.0250000004,0.0250000004],[0.0250000004,0.0250000004,0.0250000004],[0.0250000004,0.0250000004,0.0250000004],[0.0250000004,0.0250000004,0.0250000004],[0.0250000004,
								0.0250000004,0.0250000004],[0.0250000004,0.0250000004,0.0250000004],[0.0250000004,0.0250000004,0.0250000004],[0.0250000004,0.0250000004,0.0250000004],[0.0250000004,0.0250000004,0.0250000004],[0.0250000004,
								0.0250000004,0.0250000004],[0.0250000004,0.0250000004,0.0250000004],[0.0250000004,0.0250000004,0.0250000004],[0.0250000004,0.0250000004,0.0250000004],[0.0250000004,0.0250000004,0.0250000004],[0.0250000004,
								0.0250000004,0.0250000004],[0.0250000004,0.0250000004,0.0250000004],[0.0250000004,0.0250000004,0.0250000004],[0.0250000004,0.0250000004,0.0250000004],[0.0250000004,0.0250000004,0.0250000004],[0.0250000004,
								0.0250000004,0.0250000004],[0.0250000004,0.0250000004,0.0250000004],[0.0250000004,0.0250000004,0.0250000004],[0.0250000004,0.0250000004,0.0250000004],[0.0250000004,0.0250000004,0.0250000004],[0.0250000004,
								0.0250000004,0.0250000004],[0.0250000004,0.0250000004,0.0250000004],[0.0250000004,0.0250000004,0.0250000004],[0.0250000004,0.0250000004,0.0250000004],[0.0250000004,0.0250000004,0.0250000004],[0.0250000004,
								0.0250000004,0.0250000004],[0.0250000004,0.0250000004,0.0250000004],[0.0250000004,0.0250000004,0.0250000004],[0.0250000004,0.0250000004,0.0250000004],[0.0250000004,0.0250000004,0.0250000004],[0.0250000004,
								0.0250000004,0.0250000004],[0.0250000004,0.0250000004,0.0250000004],[0.0250000004,0.0250000004,0.0250000004],[0.0250000004,0.0250000004,0.0250000004],[0.0250000004,0.0250000004,0.0250000004],[0.0250000004,
								0.0250000004,0.0250000004],[0.0250000004,0.0250000004,0.0250000004],[0.0250000004,0.0250000004,0.0250000004],[0.0250000004,0.0250000004,0.0250000004],[0.0250000004,0.0250000004,0.0250000004],[0.0250000004,
								0.0250000004,0.0250000004],[0.0250000004,0.0250000004,0.0250000004],[0.0250000004,0.0250000004,0.0250000004],[0.0250000004,0.0250000004,0.0250000004],[0.0250000004,0.0250000004,0.0250000004],[0.0250000004,
								0.0250000004,0.0250000004],[0.0250000004,0.0250000004,0.0250000004],[0.0250000004,0.0250000004,0.0250000004],[0.0250000004,0.0250000004,0.0250000004],[0.0250000004,0.0250000004,0.0250000004],[0.0250000004,
								0.0250000004,0.0250000004],[0.0250000004,0.0250000004,0.0250000004],[0.0250000004,0.0250000004,0.0250000004],[0.0250000004,0.0250000004,0.0250000004],[0.0250000004,0.0250000004,0.0250000004],[0.0250000004,
								0.0250000004,0.0250000004],[0.0250000004,0.0250000004,0.0250000004],[0.0250000004,0.0250000004,0.0250000004],[0.0250000004,0.0250000004,0.0250000004],[0.0250000004,0.0250000004,0.0250000004],[0.0250000004,
								0.0250000004,0.0250000004],[0.0250000004,0.0250000004,0.0250000004],[0.0250000004,0.0250000004,0.0250000004],[0.0250000004,0.0250000004,0.0250000004],[0.0250000004,0.0250000004,0.0250000004],[0.0250000004,
								0.0250000004,0.0250000004],[0.0250000004,0.0250000004,0.0250000004],[0.0250000004,0.0250000004,0.0250000004],[0.0250000004,0.0250000004,0.0250000004],[0.0250000004,0.0250000004,0.0250000004],[0.0250000004,
								0.0250000004,0.0250000004],[0.0250000004,0.0250000004,0.0250000004],[0.0250000004,0.0250000004,0.0250000004],[0.0250000004,0.0250000004,0.0250000004],[0.0250000004,0.0250000004,0.0250000004],[0.0250000004,
								0.0250000004,0.0250000004],[0.0250000004,0.0250000004,0.0250000004],[0.0250000004,0.0250000004,0.0250000004],[0.0250000004,0.0250000004,0.0250000004],[0.0250000004,0.0250000004,0.0250000004],[0.0250000004,
								0.0250000004,0.0250000004],[0.0250000004,0.0250000004,0.0250000004],[0.0250000004,0.0250000004,0.0250000004],[0.0250000004,0.0250000004,0.0250000004],[0.0250000004,0.0250000004,0.0250000004],[0.0250000004,
								0.0250000004,0.0250000004],[0.0250000004,0.0250000004,0.0250000004],[0.0250000004,0.0250000004,0.0250000004],[0.0250000004,0.0250000004,0.0250000004],[0.0250000004,0.0250000004,0.0250000004],[0.0250000004,
								0.0250000004,0.0250000004],[0.0250000004,0.0250000004,0.0250000004],[0.0250000004,0.0250000004,0.0250000004],[0.0250000004,0.0250000004,0.0250000004],[0.0250000004,0.0250000004,0.0250000004],[0.0250000004,
								0.0250000004,0.0250000004],[0.0250000004,0.0250000004,0.0250000004],[0.0250000004,0.0250000004,0.0250000004],[0.0250000004,0.0250000004,0.0250000004],[0.0250000004,0.0250000004,0.0250000004],[0.0250000004,
								0.0250000004,0.0250000004],[0.0250000004,0.0250000004,0.0250000004],[0.0250000004,0.0250000004,0.0250000004],[0.0250000004,0.0250000004,0.0250000004],[0.0250000004,0.0250000004,0.0250000004],[0.0250000004,
								0.0250000004,0.0250000004],[0.0250000004,0.0250000004,0.0250000004],[0.0250000004,0.0250000004,0.0250000004],[0.0250000004,0.0250000004,0.0250000004],[0.0250000004,0.0250000004,0.0250000004],[0.0250000004,
								0.0250000004,0.0250000004],[0.0250000004,0.0250000004,0.0250000004],[0.0250000004,0.0250000004,0.0250000004],[0.0250000004,0.0250000004,0.0250000004],[0.0250000004,0.0250000004,0.0250000004],[0.0250000004,
								0.0250000004,0.0250000004],[0.0250000004,0.0250000004,0.0250000004],[0.0250000004,0.0250000004,0.0250000004],[0.0250000004,0.0250000004,0.0250000004],[0.0250000004,0.0250000004,0.0250000004],[0.0250000004,
								0.0250000004,0.0250000004],[0.0250000004,0.0250000004,0.0250000004],[0.0250000004,0.0250000004,0.0250000004],[0.0250000004,0.0250000004,0.0250000004],[0.0250000004,0.0250000004,0.0250000004],[0.0250000004,
								0.0250000004,0.0250000004],[0.0250000004,0.0250000004,0.0250000004],[0.0250000004,0.0250000004,0.0250000004],[0.0250000004,0.0250000004,0.0250000004],[0.0250000004,0.0250000004,0.0250000004],[0.0250000004,
								0.0250000004,0.0250000004],[0.0250000004,0.0250000004,0.0250000004],[0.0250000004,0.0250000004,0.0250000004],[0.0250000004,0.0250000004,0.0250000004],[0.0250000004,0.0250000004,0.0250000004],[0.0250000004,
								0.0250000004,0.0250000004],[0.0250000004,0.0250000004,0.0250000004],[0.0250000004,0.0250000004,0.0250000004],[0.0250000004,0.0250000004,0.0250000004],[0.0250000004,0.0250000004,0.0250000004],[0.0250000004,
								0.0250000004,0.0250000004],[0.0250000004,0.0250000004,0.0250000004],[0.0250000004,0.0250000004,0.0250000004],[0.0250000004,0.0250000004,0.0250000004],[0.0250000004,0.0250000004,0.0250000004],[0.0250000004,
								0.0250000004,0.0250000004],[0.0250000004,0.0250000004,0.0250000004],[0.0250000004,0.0250000004,0.0250000004],[0.0250000004,0.0250000004,0.0250000004],[0.0250000004,0.0250000004,0.0250000004],[0.0250000004,
								0.0250000004,0.0250000004],[0.0250000004,0.0250000004,0.0250000004],[0.0250000004,0.0250000004,0.0250000004],[0.0250000004,0.0250000004,0.0250000004],[0.0250000004,0.0250000004,0.0250000004],[0.0250000004,
								0.0250000004,0.0250000004],[0.0250000004,0.0250000004,0.0250000004],[0.0250000004,0.0250000004,0.0250000004],[0.0250000004,0.0250000004,0.0250000004],[0.0250000004,0.0250000004,0.0250000004],[0.0250000004,
								0.0250000004,0.0250000004],[0.0250000004,0.0250000004,0.0250000004],[0.0250000004,0.0250000004,0.0250000004],[0.0250000004,0.0250000004,0.0250000004],[0.0250000004,0.0250000004,0.0250000004],[0.0250000004,
								0.0250000004,0.0250000004],[0.0250000004,0.0250000004,0.0250000004],[0.0250000004,0.0250000004,0.0250000004],[0.0250000004,0.0250000004,0.0250000004],[0.0250000004,0.0250000004,0.0250000004],[0.0250000004,
								0.0250000004,0.0250000004],[0.0250000004,0.0250000004,0.0250000004],[0.0250000004,0.0250000004,0.0250000004],[0.0250000004,0.0250000004,0.0250000004],[0.0250000004,0.0250000004,0.0250000004],[0.0250000004,
								0.0250000004,0.0250000004],[0.0250000004,0.0250000004,0.0250000004],[0.0250000004,0.0250000004,0.0250000004],[0.0250000004,0.0250000004,0.0250000004],[0.0250000004,0.0250000004,0.0250000004],[0.0250000004,
								0.0250000004,0.0250000004],[0.0250000004,0.0250000004,0.0250000004],[0.0250000004,0.0250000004,0.0250000004],[0.0250000004,0.0250000004,0.0250000004],[0.0250000004,0.0250000004,0.0250000004],[0.0250000004,
								0.0250000004,0.0250000004],[0.0250000004,0.0250000004,0.0250000004],[0.0250000004,0.0250000004,0.0250000004],[0.0250000004,0.0250000004,0.0250000004],[0.0250000004,0.0250000004,0.0250000004],[0.0250000004,
								0.0250000004,0.0250000004],[0.0250000004,0.0250000004,0.0250000004],[0.0250000004,0.0250000004,0.0250000004],[0.0250000004,0.0250000004,0.0250000004],[0.0250000004,0.0250000004,0.0250000004],[0.0250000004,
								0.0250000004,0.0250000004],[0.0250000004,0.0250000004,0.0250000004],[0.0250000004,0.0250000004,0.0250000004],[0.0250000004,0.0250000004,0.0250000004],[0.0250000004,0.0250000004,0.0250000004],[0.0250000004,
								0.0250000004,0.0250000004],[0.0250000004,0.0250000004,0.0250000004],[0.0250000004,0.0250000004,0.0250000004],[0.0250000004,0.0250000004,0.0250000004],[0.0250000004,0.0250000004,0.0250000004],[0.0250000004,
								0.0250000004,0.0250000004],[0.0250000004,0.0250000004,0.0250000004],[0.0250000004,0.0250000004,0.0250000004],[0.0250000004,0.0250000004,0.0250000004],[0.0250000004,0.0250000004,0.0250000004],[0.0250000004,
								0.0250000004,0.0250000004],[0.0250000004,0.0250000004,0.0250000004],[0.0250000004,0.0250000004,0.0250000004],[0.0250000004,0.0250000004,0.0250000004],[0.0250000004,0.0250000004,0.0250000004],[0.0250000004,
								0.0250000004,0.0250000004],[0.0250000004,0.0250000004,0.0250000004],[0.0250000004,0.0250000004,0.0250000004],[0.0250000004,0.0250000004,0.0250000004],[0.0250000004,0.0250000004,0.0250000004],[0.0250000004,
								0.0250000004,0.0250000004],[0.0250000004,0.0250000004,0.0250000004],[0.0250000004,0.0250000004,0.0250000004],[0.0250000004,0.0250000004,0.0250000004],[0.0250000004,0.0250000004,0.0250000004],[0.0250000004,
								0.0250000004,0.0250000004],[0.0250000004,0.0250000004,0.0250000004],[0.0250000004,0.0250000004,0.0250000004],[0.0250000004,0.0250000004,0.0250000004],[0.0250000004,0.0250000004,0.0250000004],[0.0250000004,
								0.0250000004,0.0250000004],[0.0250000004,0.0250000004,0.0250000004],[0.0250000004,0.0250000004,0.0250000004],[0.0250000004,0.0250000004,0.0250000004],[0.0250000004,0.0250000004,0.0250000004],[0.0250000004,
								0.0250000004,0.0250000004],[0.0250000004,0.0250000004,0.0250000004],[0.0250000004,0.0250000004,0.0250000004],[0.0250000004,0.0250000004,0.0250000004],[0.0250000004,0.0250000004,0.0250000004],[0.0250000004,
								0.0250000004,0.0250000004],[0.0250000004,0.0250000004,0.0250000004],[0.0250000004,0.0250000004,0.0250000004],[0.0250000004,0.0250000004,0.0250000004],[0.0250000004,0.0250000004,0.0250000004],[0.0250000004,
								0.0250000004,0.0250000004],[0.0250000004,0.0250000004,0.0250000004],[0.0250000004,0.0250000004,0.0250000004],[0.0250000004,0.0250000004,0.0250000004],[0.0250000004,0.0250000004,0.0250000004],[0.0250000004,
								0.0250000004,0.0250000004],[0.0250000004,0.0250000004,0.0250000004],[0.0250000004,0.0250000004,0.0250000004],[0.0250000004,0.0250000004,0.0250000004],[0.0250000004,0.0250000004,0.0250000004],[0.0250000004,
								0.0250000004,0.0250000004],[0.0250000004,0.0250000004,0.0250000004],[0.0250000004,0.0250000004,0.0250000004],[0.0250000004,0.0250000004,0.0250000004],[0.0250000004,0.0250000004,0.0250000004],[0.0250000004,
								0.0250000004,0.0250000004],[0.0250000004,0.0250000004,0.0250000004],[0.0250000004,0.0250000004,0.0250000004],[0.0250000004,0.0250000004,0.0250000004],[0.0250000004,0.0250000004,0.0250000004],[0.0250000004,
								0.0250000004,0.0250000004],[0.0250000004,0.0250000004,0.0250000004],[0.0250000004,0.0250000004,0.0250000004],[0.0250000004,0.0250000004,0.0250000004],[0.0250000004,0.0250000004,0.0250000004],[0.0250000004,
								0.0250000004,0.0250000004],[0.0250000004,0.0250000004,0.0250000004],[0.0250000004,0.0250000004,0.0250000004],[0.0250000004,0.0250000004,0.0250000004],[0.0250000004,0.0250000004,0.0250000004],[0.0250000004,
								0.0250000004,0.0250000004],[0.0250000004,0.0250000004,0.0250000004],[0.0250000004,0.0250000004,0.0250000004],[0.0250000004,0.0250000004,0.0250000004],[0.0250000004,0.0250000004,0.0250000004],[0.0250000004,
								0.0250000004,0.0250000004],[0.0250000004,0.0250000004,0.0250000004],[0.0250000004,0.0250000004,0.0250000004],[0.0250000004,0.0250000004,0.0250000004],[0.0250000004,0.0250000004,0.0250000004],[0.0250000004,
								0.0250000004,0.0250000004],[0.0250000004,0.0250000004,0.0250000004],[0.0250000004,0.0250000004,0.0250000004],[0.0250000004,0.0250000004,0.0250000004],[0.0250000004,0.0250000004,0.0250000004],[0.0250000004,
								0.0250000004,0.0250000004],[0.0250000004,0.0250000004,0.0250000004],[0.0250000004,0.0250000004,0.0250000004],[0.0250000004,0.0250000004,0.0250000004],[0.0250000004,0.0250000004,0.0250000004],[0.0250000004,
								0.0250000004,0.0250000004],[0.0250000004,0.0250000004,0.0250000004],[0.0250000004,0.0250000004,0.0250000004],[0.0250000004,0.0250000004,0.0250000004],[0.0250000004,0.0250000004,0.0250000004],[0.0250000004,
								0.0250000004,0.0250000004],[0.0250000004,0.0250000004,0.0250000004],[0.0250000004,0.0250000004,0.0250000004],[0.0250000004,0.0250000004,0.0250000004],[0.0250000004,0.0250000004,0.0250000004],[0.0250000004,
								0.0250000004,0.0250000004],[0.0250000004,0.0250000004,0.0250000004],[0.0250000004,0.0250000004,0.0250000004],[0.0250000004,0.0250000004,0.0250000004],[0.0250000004,0.0250000004,0.0250000004],[0.0250000004,
								0.0250000004,0.0250000004],[0.0250000004,0.0250000004,0.0250000004],[0.0250000004,0.0250000004,0.0250000004],[0.0250000004,0.0250000004,0.0250000004],[0.0250000004,0.0250000004,0.0250000004],[0.0250000004,
								0.0250000004,0.0250000004],[0.0250000004,0.0250000004,0.0250000004],[0.0250000004,0.0250000004,0.0250000004],[0.0250000004,0.0250000004,0.0250000004],[0.0250000004,0.0250000004,0.0250000004],[0.0250000004,
								0.0250000004,0.0250000004],[0.0250000004,0.0250000004,0.0250000004],[0.0250000004,0.0250000004,0.0250000004],[0.0250000004,0.0250000004,0.0250000004],[0.0250000004,0.0250000004,0.0250000004],[0.0250000004,
								0.0250000004,0.0250000004],[0.0250000004,0.0250000004,0.0250000004],[0.0250000004,0.0250000004,0.0250000004],[0.0250000004,0.0250000004,0.0250000004],[0.0250000004,0.0250000004,0.0250000004],[0.0250000004,
								0.0250000004,0.0250000004],[0.0250000004,0.0250000004,0.0250000004],[0.0250000004,0.0250000004,0.0250000004],[0.0250000004,0.0250000004,0.0250000004],[0.0250000004,0.0250000004,0.0250000004],[0.0250000004,
								0.0250000004,0.0250000004],[0.0250000004,0.0250000004,0.0250000004],[0.0250000004,0.0250000004,0.0250000004],[0.0250000004,0.0250000004,0.0250000004],[0.0250000004,0.0250000004,0.0250000004],[0.0250000004,
								0.0250000004,0.0250000004],[0.0250000004,0.0250000004,0.0250000004],[0.0250000004,0.0250000004,0.0250000004],[0.0250000004,0.0250000004,0.0250000004],[0.0250000004,0.0250000004,0.0250000004],[1,
								1,1],[1,1,1],[1,1,1],[1,1,1],[1,1,1],[1,1,1],[1,1,1],[1,1,1],[1,1,1],[1,1,1],[1,1,1],[1,1,1],[1,1,1],[1,1,1],[1,1,1],[1,1,1],[1,1,1],[1,1,1],[1,1,1],[1,1,1],[1,1,1],[1,1,1],[1,1,1],[1,1,1],[1,
								1,1],[1,1,1],[1,1,1],[1,1,1],[1,1,1],[1,1,1],[1,1,1],[1,1,1],[1,1,1],[1,1,1],[1,1,1],[1,1,1],[1,1,1],[1,1,1],[1,1,1],[1,1,1],[1,1,1],[1,1,1],[1,1,1],[1,1,1],[1,1,1],[1,1,1],[1,1,1],[1,1,1],[1,
								1,1],[1,1,1],[1,1,1],[1,1,1],[1,1,1],[1,1,1],[1,1,1],[1,1,1],[1,1,1],[1,1,1],[1,1,1],[1,1,1],[1,1,1],[1,1,1],[1,1,1],[1,1,1],[1,1,1],[1,1,1],[1,1,1],[1,1,1],[1,1,1],[1,1,1],[1,1,1],[1,1,1]
						]
					]
				]
			]
		]
	],
	"primitives",[
		[
			[
				"type","Polygon_run"
			],
			[
				"startvertex",0,
				"nprimitives",1153,
				"nvertices_rle",[4,1128,24,1,4,24]
			]
		]
	],
	"primitivegroups",[
		[
			[
				"name","window_out"
			],
			[
				"selection",[
					"unordered",[
						"boolRLE",[480,false,120,true,553,false
						]
					]
				]
			]
		],
		[
			[
				"name","building_top"
			],
			[
				"selection",[
					"unordered",[
						"boolRLE",[1128,false,1,true,24,false
						]
					]
				]
			]
		],
		[
			[
				"name","roof_out"
			],
			[
				"selection",[
					"unordered",[
						"boolRLE",[1128,false,1,true,24,false
						]
					]
				]
			]
		],
		[
			[
				"name","building_side"
			],
			[
				"selection",[
					"unordered",[
						"boolRLE",[480,false,120,true,553,false
						]
					]
				]
			]
		]
	]
]
